608.4897376268285 -0.2157836472186161 -0.2157836472186161 -0.6801940358910243 0.02313185323907809 0.057012857914142116 0.08667536900542586 -0.14878862474467341 -0.2157832697344487 -0.6802411516866353 0.023131867552976262 -0.1487901053794506 0.005831992590663922 500
603.1822797005486 -0.8169825354471135 -0.8169825354471135 1.349445214228142 -0.09248322503622279 -0.27272197765643763 -0.051151143198847726 0.1677611916758142 -0.8169833314459216 1.3491833311627246 -0.09246002988568225 0.16784163397016783 79.97383933808594 500
611.5501741914567 0.4543110424269348 0.4543110424269348 0.40111979920463736 -0.40743063499400733 0.03766426980187663 -0.31368587867635683 -0.18002991465593896 0.4543086785406109 0.40110709314471 -0.40805947154986016 -0.18004299943157492 0.8689778186656104 500
602.9271534147698 0.7608273715152336 0.7608273715152336 0.44525550696626304 0.23940054566958976 0.3875853049408424 -0.04996082184466817 0.1017801915081029 0.760831496257252 0.44788877769737806 0.23932458833321404 0.10198013661521271 882.600978727699 500
603.7533547143402 0.0744544241663332 0.0744544241663332 -0.021342881822572723 -0.09981194129063103 0.21055019696099153 -0.133491182558126 0.2689613130350737 0.07445562042015429 -0.023127373897725276 -0.10040482420269499 0.26922487962170866 0.00038442583409577284 500
605.8503050317178 0.272580868330679 0.272580868330679 -0.5482942651356931 0.235858935654994 0.0845906307903044 0.26983574425884627 0.11651041002165025 0.2725936095205469 -0.5484092951318517 0.23586605734819116 0.11651685206561599 0.22293709325636196 500
602.3388958788631 0.2206372999621074 0.2206372999621074 -0.22606579447605296 2.687990884193356 -0.1613920479801676 -10.775601758384935 19.337132457703166 -0.2144918651333036 -0.22715991820535375 2.9147374903924934 19.342349419222327 0.1268336912325642 500
611.405311302377 0.7678212970743896 0.7678212970743896 -0.24990907296540296 0.4210481301415546 0.4401376998024411 0.387580754869045 0.21753266644117833 0.7679656672267996 -0.2316252850285159 0.5722142489898526 0.4519735385586738 101.08037064454992 500
605.4044273602351 0.20046307181563017 0.20046307181563017 0.6590977657995496 0.45001173141341233 -0.6243871827950129 0.17007754011445345 -0.5880274504272677 0.2024167964488032 0.659165962073306 0.4633512042888622 -0.8579915423319052 36.5698989143752 500
611.3715663824437 -0.2079769957558211 -0.2079769957558211 -0.3836727104599699 -0.14996211001219734 0.5481433325949259 0.3785024369902792 -0.0291908821277194 -0.20858572699604908 0.3837401261355361 -0.40168921131162116 0.5495461841965524 0.4216750181828102 500
616.0546393665172 0.7041231087925418 0.7041231087925418 0.8959450949608504 -0.1451142051207758 0.07392539686606464 0.17628981923946224 -0.18097468581118797 0.7042040159089745 0.8959890009393274 -0.22844313134260757 -0.1956142082787584 0.7586417032585269 45
601.7281068114298 0.4700514431122595 0.4700514431122595 -0.16691835762888957 0.0702899834282047 0.0848001029380794 -0.17573490434186564 0.37572843358360414 0.46989157418324806 -0.16839972179530918 0.18982321454135886 0.374705042496096 3.098835161430201 500
605.6291722748356 -1.1817995351463837 -1.1817995351463837 0.11990243299451733 0.9129810592876699 -0.2120299362210375 0.14073041098483172 -0.4304976365265288 -1.1817935173113079 0.12142711422432398 0.9237470576564094 -0.4322302915913685 5.885744368453027 500
608.0557318254748 -0.3900478604659849 -0.3900478604659849 -0.005295266082773592 -0.13772648038432903 0.009685442041125696 0.05837711134935905 -0.07748150854293137 -0.39004726633412984 -0.005294152079648259 -0.14957747905318472 -0.07748145045991918 3.289694104072466e-06 500
608.5330742289175 0.23082265407436187 0.23082265407436187 0.11220197198983763 0.2035068829487561 0.011613866314543576 0.12858996932376404 -0.12721151769840283 0.23080614140224776 0.11221457746779372 0.24068952177305517 -0.12757829634217602 0.0005924240521767924 500
603.4554602895666 0.42524295660738104 0.42524295660738104 0.12215532455600218 -0.022909178993610325 -0.24625931461912945 -0.08805887631434779 0.4461847014112186 0.42519515329562063 0.12007083408068521 -0.09061343501724299 0.4901412463503638 1.7896331546174056 500
604.763870322615 -1.3402159172579182 -1.3402159172579182 0.524903834281684 0.09935264209740291 0.539084469730265 0.004609424581514965 -0.1489342982563564 -1.3401266876208455 0.5247231640647295 0.09964664844323712 -0.5587044810674556 14.53869512944678 132
616.8007763346353 0.25156642446551364 0.25156642446551364 -0.15250898617736064 0.2860013280393153 -0.03449786999069827 -0.4391114816522214 0.7060145967915442 -0.25150884214658675 -0.1524707483745557 0.5238295253792336 0.7065279691722163 0.06467624386285067 500
604.0622387890897 0.788866343254007 0.788866343254007 -0.05033038240586773 0.23822037875027785 -0.22360608828080714 0.3181848348749331 -0.20290299303001308 0.7889445297586852 -0.047645881466773385 0.3972659241071167 -0.20277131524069147 0.7528967387430903 500
611.1119712364872 -0.8741323580198425 -0.8741323580198425 0.38515545847793975 0.17881468580389204 0.0014582179840121029 -0.5799801388063347 0.26081695478981437 -0.874091838158501 0.38627629555154414 0.6066560232865538 0.26114637648909983 5.304628307804316 500
605.5609487303668 -0.8645220251708359 -0.8645220251708359 -0.26275711684530495 0.06917900952735007 0.0584121833765932 -0.3602058335698576 -0.31102924750758204 26.391809762152153 0.20360811075476076 229.76133970746017 -0.24260322968702938 5061927.678925273 500
601.1316401259053 0.6472771876072162 0.6472771876072162 -0.16156014550551737 -0.23748668759006067 0.26747552840471406 -0.14882788906221048 -0.3091312945300237 0.6472782709813174 -0.15999998605593407 -0.28024468995430096 -0.35996389514867366 18.135577589756185 500
605.1825377497486 -0.692465683655474 -0.692465683655474 1.0636995149248518 -0.16109208143622122 -0.3437012977167959 -0.5548757870564113 -0.6750961964755053 -0.6915822880942971 1.0637017505918878 -0.5701667153178412 -0.757388695949656 781.3556272155607 49
614.3493692960391 0.19822024665634483 0.19822024665634483 0.37762292957217647 -0.24294240342278303 -0.7710824954557015 0.11428835531665914 0.1149461540856822 0.18676192242173778 0.3360579574427007 -0.25210219615113033 7.775552552599087 52033.37448591794 500
601.7954961866045 -0.7116365027841705 -0.7116365027841705 -0.3867962690785802 0.003294506416232302 -0.2502751719172383 -0.23195330743049347 -0.5233690239791329 -0.7115607163598968 -0.3867032931390694 0.2317700189142497 -0.5803158527549773 126.7463404659744 500
607.2762903063501 0.48726554062636457 0.48726554062636457 -1.2376670721919862 -0.05634919286376518 -0.13052494885617763 -0.9091241692124673 -0.29727483261558113 0.6733235371087665 -1.237173831708614 -4.583075003335489 -0.32478032947980684 102271.96080051298 500
605.1659964132414 0.586541478721317 0.586541478721317 1.0573217015041785 -0.12870888721920312 0.4526937304023962 -0.12192764611710098 -0.5257035395171477 0.5865167640618906 1.0573218880729596 -0.1771606180803092 -0.6938776784241886 0.1268016241104011 38
601.4727177931595 -1.1263870894428751 -1.1263870894428751 -0.09989185842954583 0.25705318847048836 0.38876732369057077 -0.05457188747568365 -0.26296335182547764 -1.1255580535906629 -0.10528041301067467 0.26328242185627876 -0.26746530334922186 51.52326632421003 500
606.0101935646898 -1.355696026182783 -1.355696026182783 0.8107284276308142 0.5179909154420812 0.28155700649385235 0.254186175486528 -0.15777480057067073 -1.3556644038511647 0.8114887906457285 0.5768988555406205 -0.3226432046575104 97.34224876313777 41
606.5203673361866 -0.38172449244378354 -0.38172449244378354 0.5241694696847239 -0.8527663180642531 -0.37477804325054953 -0.05631832770031732 -0.0769511436077132 -0.38173738448533256 -0.5242360929212678 -0.8545759534947261 -0.3814197537046019 23.920091304397637 500
607.2076748073507 -0.028647910770360323 -0.028647910770360323 -0.13160303248099467 -0.4388950957783947 0.28460702584205333 -0.38253725416510254 -0.45829230284603106 -0.02796771258426329 -0.13160589149639948 -0.44085003348592955 -0.5395548964946494 0.08707247546913346 500
603.910607265721 0.3697337745997877 0.3697337745997877 -0.06369861414767694 0.24352573555578033 0.7413481602680555 -0.3237407597674887 0.26040848682926926 -0.3694011308858224 -0.08096869014182881 -0.40579573483865333 0.2685225634523447 6.5890711820365135 500
605.0733392108198 -1.7013023961276184 -1.7013023961276184 -0.301952873898349 -0.05483215886987621 0.3878319587896659 -0.45738508001951605 -0.37647218710439745 -1.7012480814615116 -0.30189633257978177 -0.46035755423501573 -0.5454128323039361 38.610255291777875 500
606.5324303916566 -0.9897119839127397 -0.9897119839127397 -0.13071527920144427 -0.7930276598623074 0.2848828840107978 0.022387387025857693 0.06743097758409723 -0.9897180716468011 -0.18382205561514559 -0.7932831674248139 0.17583155840190198 11.777448586177368 500
604.168339857841 0.20111964250832387 0.20111964250832387 0.4429948364482196 0.15816741757190592 0.07239735894751366 0.01833527111816266 -0.07689801748247245 0.20109043466604665 0.4429958981240551 0.15895347519905928 -0.10555105407945906 0.019939237297556082 500
611.9516060309559 -0.5551486841165493 -0.5551486841165493 0.0641163122348728 0.3114088109441838 -0.20174522504527195 -0.1824486150585136 -0.10452852615792045 -0.5551511717619861 0.05401662052461277 0.36088058427012903 -0.10179846876734182 0.26717591115229766 500
603.9214954827985 0.011515691250385707 0.011515691250385707 1.261515760685036 -0.6389485568231273 -0.2726163847245296 0.3158226340178248 -0.09389882192644369 0.01135236729645327 1.2613204373315814 -0.6389489395461582 -0.28869323732564933 9.16629050278527 500
605.0540248922855 -0.14052310812604912 -0.14052310812604912 -1.2613012283450977 0.23264378036376157 -0.06969270622238048 -0.049340489379413814 -0.37467112731612456 -0.14021754035560013 -1.2613018570915697 0.23308268606265142 -0.38110227901504656 0.0665152267652658 500
608.1982808954233 0.14382043272265976 0.14382043272265976 0.501872175350065 -0.4428615385607771 -0.0678237892983801 0.6408604053879342 -0.19124796929486057 0.09076369444052311 0.5026053049207738 -0.4671976962747204 -0.20321706695097416 296.9611540715 500
622.839233634897 -1.3207919634595064 -1.3207919634595064 0.22916161925990725 0.1249245604322386 -0.15926654126506207 -0.4767579004762677 -0.06603629446719367 -1.320798867340841 0.25156867269354494 0.49266021148890593 -0.14917709325261194 4.30392747242259 500
609.9025131584705 -0.10097335204347344 -0.10097335204347344 -0.7991953783375126 0.25326620850003845 0.1326171262074601 -0.06153042730229938 -0.3707731136506017 -0.10195309633771447 -0.7992213899519104 0.25374656596721545 -0.3937915563142734 0.07028473897444117 500
608.0949878546279 0.07793379304124186 0.07793379304124186 0.7983822154058978 0.26834596552812867 0.38464393529937696 -0.2536696081729494 -0.23509957568019715 0.07655493428479046 0.7984664508951453 0.2691190558533915 -0.4507868560058298 2.5326168311966164 500
610.0818633265773 0.13927680964600497 0.13927680964600497 -0.6259564588937866 -0.003730889897460196 -0.2091032187583601 -0.22739922186103265 0.07183516463611535 0.15921454632468196 -0.6258079716215587 -0.030790002833903055 0.22105282354266365 266.9305525074952 500
612.6312355232895 1.045137449321367 1.045137449321367 -0.7338154526716256 0.4327756024356664 -0.25510658025558874 0.17842588211642052 -0.5055949489019599 1.0451156506486057 -0.7338096593786667 0.46807885162411983 -0.5663552334609708 19.980068639960542 124
