610.6108665237257 0.17308796896529743 0.17308796896529743 -1.0990630975923132 0.5638905076433922 3.958648991223499 3.6973809408554343 16.946662937349924 0.16597298632826654 -0.9521458892512817 0.5681187646426684 20.991049750230346 547532.7514897821 500
611.6357501946457 -0.27921514706482237 -0.27921514706482237 -0.32497862122525073 -0.4347871441225793 0.15107959280246794 -13.645084606496937 5.092766714455616 -0.29532340381532673 -0.32518119953847235 -0.9213229945377761 5.093910194925017 4.158949567558722 500
604.4433275263393 -0.17553654601572777 -0.17553654601572777 -0.2547103005218465 -0.3077448255581148 -1.7355009942021475 8.452952092191568 4.69539414539758 -0.17555201550272542 0.17385764295139253 -0.7202813110449259 4.908951552791814 471129.0627079713 500
608.1708530592622 0.9650696962802334 0.9650696962802334 0.48461380593497144 -1.7164772813426064 -1.7658266141793686 -1.8348941645971548 -0.24124279060868967 0.965045136961694 -0.5306205698626612 -1.7231609393570602 -0.24349746531554925 25084.261604427367 500
606.2494369002732 0.23317839954486372 0.23317839954486372 -0.2574027636555582 -2.6596293068172896 -2.990153867404881 6.393029309825487 4.7630185800985245 0.23577874543284194 -0.4007548185954679 -2.6637535484756567 4.956509692910289 1158.1557148299323 500
603.9006679067621 0.6232726614028362 0.6232726614028362 -0.7084910811569617 0.16149660004842 1.624018593448275 -14.701188023123693 6.281437530978763 0.6307950186172279 0.7412808302547004 0.8992408320928085 6.742310475929532 6673.168332761911 500
604.9799961777176 -0.3951924011026927 -0.3951924011026927 -0.3136839734032679 -0.04185255511334211 -3.031748263705644 -2.0945392182983618 1.6050216483196633 -0.3961856224603688 -0.4665143608818695 -0.04459537600628074 1.7791057887958075 5020.890267996725 500
607.7017292267225 0.6403261975582377 0.6403261975582377 0.7490137629006938 -3.1961204264481284 2.2002024644239038 19.115005162862623 8.012370786860151 0.6445893563695796 0.786637170593296 -3.4105967238141424 8.120334006978126 57808.88275410896 500
602.8239387313449 -0.18785788531978767 -0.18785788531978767 -0.13135240531655373 -2.5301933275179556 -0.9443388625446043 -3.948007559230923 14.719643773104702 -0.18691678533210743 -0.13983493476983916 -2.5302567634583073 14.731968490638689 988.4883108134512 500
608.5857763610306 -0.622010784021955 -0.622010784021955 -0.36770319256009665 1.1111771268335708 -3.193880274059709 -10.75067432373893 -19.888658109893942 -0.624035365219297 -0.5060588631389643 1.3300251529959464 -19.982321266628173 4477.480216660361 500
611.3607392272795 0.3226017497347205 0.3226017497347205 -0.10702332318612684 -4.552387991481095 -3.1554048621126602 6.3244099885500615 -9.336619289639252 0.323554194143537 -0.22832495698966854 -4.554209353745264 -9.338584212672306 28.56276420115259 500
607.7690918818763 0.09588783154783585 0.09588783154783585 -0.16216357853995056 2.1671186907199136 0.45061587120228247 -13.21918844792518 -6.429232091788612 0.10396639068997113 -0.1767079029713558 2.1762208727422276 -6.436390766156998 0.24864198097990187 500
612.1842320401363 -1.046232661935029 -1.046232661935029 -0.09958913505914864 -1.5731073563349556 0.03703349263958259 -4.599806611903028 16.724750478887344 -1.0462462909865797 -0.09951094647897474 -1.609196984734993 16.72475022436466 0.3572696721887773 500
603.2022698179914 -0.5963011117288649 -0.5963011117288649 -0.21160361860952215 -0.9794889738148485 0.6524625488549961 -10.085910792225757 14.05148570153062 -0.5963533755002786 -0.2245856736364629 -1.248149009265022 14.064478020612894 770.8137192228872 500
608.9613581475146 -0.2023943902790879 -0.2023943902790879 -0.12154019156629735 -0.661002137232251 -0.6535156316822909 8.029001256099573 4.424915147019826 0.2022202588222763 -0.13246303867371584 -0.9054164964222606 4.433437107438117 0.15400129713951266 500
612.8609309778934 0.4393634300700456 0.4393634300700456 -0.3679883815684335 0.13461111027217126 1.0411115853929869 -16.05640820778757 -0.21062864735652959 -0.43893966772335125 -0.39271156520300426 1.244005265952107 -0.21515993100563124 86.94680137579134 500
604.0086207452729 0.1973066682950597 0.1973066682950597 0.49877006544905494 3.5347638000510013 -0.40141774311573 19.38800532896388 23.961982387056487 0.20381130959849558 -0.49769215548593443 3.679427602739513 24.742594620029045 0.6180417694696808 500
610.7728688845131 -0.44554166316918603 -0.44554166316918603 -1.0596530872215166 2.18970557646143 -2.595459319582292 -0.901414862087635 6.992829594041414 0.44660650014466263 0.8627672722924002 2.2018488547075616 12.388472473865152 328046.7919869347 500
605.7871930714055 -0.005991846990133496 -0.005991846990133496 -0.3995483874839053 -2.5411375857892944 2.3357203684238574 13.592851326714372 7.862891929835067 -0.007397538312908876 -0.4847785638282442 -2.5411393416677908 9.364965633801267 28412.19014791718 500
616.5591443992596 0.6989858175522925 0.6989858175522925 0.055404169480486994 4.428055815127783 4.967073157417102 -16.25811715072389 -13.24450159253774 0.7015313780248387 0.06181232301088947 4.55020103467655 -13.244537457313381 26.64293519552092 500
602.9100452757309 -0.25311982919307713 -0.25311982919307713 0.9507095881474329 1.5043823368497313 -6.251037512214945 -13.07681709916931 -10.038141244903693 0.2550686255038942 -0.5083071351017674 1.8164386695044725 -15.132654020086042 1117189.599013908 500
607.2867997975668 -0.3737925891352905 -0.3737925891352905 -0.1885946926434846 -0.05444144798366449 0.4818911719194755 15.140705646229069 -7.928918795967889 -0.37379861394531255 -0.19952649534029526 -1.1611325018015002 -7.942010359996153 575.4352538682789 500
603.5998492965606 0.2664875746924535 0.2664875746924535 0.26255552819818784 -2.60683262904245 0.19520562509079992 -19.633588968020963 -12.088851891502431 -0.26690411753822224 0.2639245385874612 -3.001293206490543 -12.08993020255407 0.06925572630948956 500
610.0215019897781 0.0588422605734799 0.0588422605734799 -0.10425297498124396 -0.9495157390742156 0.04689720010476214 3.276195446452094 -7.830707118309655 0.06007491556270971 -0.1044873824168314 -0.953721509388941 -7.830778444786988 0.00035725612629424874 500
601.0906484140389 0.41899934248726367 0.41899934248726367 -0.2544941823025874 2.1085727358668964 -0.5990759633557713 39.33833307857402 2.082373293047406 0.41578436134442026 -0.26943796332480646 3.765830779167719 2.0836654125856358 28.20960137772593 500
607.5761539799182 -0.4595130326209349 -0.4595130326209349 0.4062720199781514 1.6773426090409636 -2.4004747615899564 -1.658849413307215 -9.565007931938558 -0.4593877172467011 0.49862589993195844 1.6854713599564342 -9.733385747271491 3536.5471660568787 500
602.503669082559 0.19539041327489834 0.19539041327489834 0.43202538979799465 1.1042358990636467 0.9739603255582203 -10.815075999421005 -23.573831614868805 0.2135389253894174 0.45015845246887676 1.121196055704291 -23.629595770897325 69.74163289703071 500
603.2845873418236 0.008461553245926366 0.008461553245926366 0.3171614845208074 -3.218137410709858 -0.4277314126512915 6.267657286224091 -2.506250636505591 0.008452045375373186 0.321598746632266 -3.218137424221149 -2.5144216585687627 2490.051287622755 500
609.1115972409632 0.36426836340692464 0.36426836340692464 -0.9637752620745486 -0.9779867437577779 -4.2358805257895416 4.671985818058232 -16.20119296101745 0.3654439965545427 -0.9307685188127648 -0.9995898098836209 -19.202609241130798 482557.5729746305 500
612.4712645899665 -0.7148619530939341 -0.7148619530939341 0.1402585796430432 -1.1320696751946902 0.07109789149557406 -0.4680167126119132 -2.567136023867986 -0.7148628750671536 0.140398338663486 -1.1325854707473169 -2.567136509309612 0.0014371485456059101 500
607.2307409008433 0.16257723719405626 0.16257723719405626 0.9121637749724245 0.931843725365439 -4.827890428848897 -13.359424600598116 11.247866779319969 0.138678926215867 -1.015668706869174 0.9365666995843098 13.378394206369844 367529.90653248754 500
607.9397384696568 -0.22044814463764661 -0.22044814463764661 -0.19442194467462387 3.7521568774719576 1.8306796664921878 27.049320828625653 18.50742770904663 -0.22597391016837076 -0.2551659608414194 3.771266825685515 18.536647131483672 260.91647265888867 500
606.3173027416601 -0.026672305278989526 -0.026672305278989526 -0.13494580689456925 0.34038537958373416 0.31889168893646547 -10.924281492344303 -8.700675708843995 -0.03985319729792152 -0.14303955248627168 0.34488211073055036 -8.7128155560889 0.07130750266339639 500
612.4186559350243 -0.17318163060276842 -0.17318163060276842 0.3331306683627701 -3.3234101048486715 -0.3598903956224741 4.006071157587214 9.756993489416843 -0.17381060023112002 0.33705145867139447 -3.323582575966748 9.762081608939258 0.37069797254366993 500
610.3900838950029 0.022236783489520105 0.022236783489520105 -0.21617457183234431 -2.343869112688595 1.4190696891569001 -20.589263596541187 0.577191982871051 0.02404369837505977 -0.28010369651628825 -2.3438800648250884 0.5959958648714703 5973.087327957004 500
607.0676027634696 -0.2893051400059366 -0.2893051400059366 0.47354940277347674 2.5626374888270833 -0.2616549469336306 -10.17739449941485 -3.491131856769103 -0.28931577048409973 0.4744323699373941 2.5711342912374486 -3.4941564812636727 295.28836298336125 500
612.4015076112356 -0.0738208917168344 -0.0738208917168344 0.027504279518676164 1.4643053441358087 -0.9446647383292353 17.072789174733458 -6.974582740968969 0.08551088756462814 0.02515322765465901 1.6422528924852062 -6.975085852001328 0.02301656309921478 500
604.2837615549126 -0.1709412796178677 -0.1709412796178677 0.27738063215553277 4.8152799007222775 1.739101688351709 14.555953516145356 29.663616068646412 0.17300777583676977 0.3234451428956842 4.822876636785265 29.806596193893203 44.62896822077111 500
601.3680292166009 0.40712714914068676 0.40712714914068676 0.44528976381703034 2.3013299837398336 -0.7133821045316635 -8.112322338899759 -3.212057202185084 0.4082123502260013 0.4560606193155868 2.3689642339200088 -3.221221966621699 53.26670690134407 500
610.5202548789638 0.3730088775642975 0.3730088775642975 0.4201341101003051 -0.2622993586154057 3.4471360481006506 -2.9141103437266582 13.43572422949956 0.3739605137474602 0.47815167440672735 -0.2904431576805821 14.605601051560463 135740.1228736119 500
603.6084623858599 -0.05901582363284532 -0.05901582363284532 -0.4998949250761062 -1.8473415263910216 5.047574323761899 2.67202408177148 -20.659851135435517 0.034886666721369614 0.6459426994524863 -1.836850246164157 -28.38167512528439 39320.25119286717 500
610.3020472834507 0.6236810181504684 0.6236810181504684 -0.21342344794004608 -5.303934254058607 1.8206251275460503 17.2560203886737 -6.662215384081381 0.6245450224564575 -0.3058412548505298 -5.432995944914763 -6.664293615434685 67.78937362706277 500
615.2918332505426 0.05725811361272254 0.05725811361272254 -0.33808704412864854 -1.4432909472225466 1.3168272718732545 -21.211370781190578 -14.959653323110588 0.08023918526936213 0.3819712728656795 -1.444579878001514 -15.070319760823493 172.90284425855785 500
602.1616562192607 -0.24083168198374977 -0.24083168198374977 0.5813980224805967 -1.4102975061943943 2.5619547034389196 -18.35979612836621 16.149605673436394 -0.2895289876470371 0.6555895433023846 -1.4429469644821993 16.448789363902385 25166.642874753168 500
609.2728105328671 0.019450349807246622 0.019450349807246622 -0.4275510050809121 -0.7304262511404718 4.437937566356939 -0.29308740089313445 -8.256777975058503 0.019887454432059998 -0.43039869619076326 -0.7304214360782717 -9.301921892399058 217634.9312949625 500
611.6495879605081 -0.19275223111156387 -0.19275223111156387 -0.19417179272102014 0.6204684629348179 1.551771761280151 -3.900542063612975 3.20369323002697 -0.19265676616799454 0.25764555002835526 0.6904761782438443 3.7867765851863546 183.71222903469493 500
609.6691641914091 -0.19746718073634884 -0.19746718073634884 -0.19430966194804833 4.187041178882777 3.2480886099448516 5.468130332255932 -2.4971973424068943 0.1976837117154189 -0.3720496488219882 4.193512171030445 -2.799853318367631 817.5840046784534 500
605.1671219433169 -0.20591934328704795 -0.20591934328704795 0.4412195318493581 0.17073744974215105 -3.8152142571200045 -4.7379036174453155 12.069570787351646 -0.21221546227302204 0.5486457719360207 0.17146740900431387 12.490404296491361 109349.76484367475 500
610.2050700188435 0.3950294488733283 0.3950294488733283 -0.3273787630093369 -1.9350297075460217 0.609203389294178 2.7291014734427685 2.7249636892325197 0.39507948441988555 -0.33734162124187195 -1.9461403450293002 2.7277921465396155 6.984383674543115 500
605.4233639459407 0.35469954360730616 0.35469954360730616 -0.1570507415567173 0.5996697005037027 3.8719146807480325 -10.10376618980617 -12.588555353977545 0.35642199213663794 -0.3082273591444115 0.9412075212694483 -12.752102651738788 652.0320111831996 500
601.6868861226445 0.28473264717754604 0.28473264717754604 -0.04351189856641396 2.090460555366417 0.4707987857302942 14.32134025724063 -7.818368866435924 0.293260621304194 -0.04497235875270575 2.2365166043678633 -7.818375007123675 13.743157551593248 500
610.9751328632433 0.14950314606378012 0.14950314606378012 0.6609176694814027 3.260737101297237 3.686996311611662 -9.028356907559973 -18.253519954595006 0.1529250423885554 0.7632117362601369 3.259665618864561 -20.434311044852688 65223.07925872059 500
604.204656877821 -0.03527889276877565 -0.03527889276877565 -0.7239818830293929 0.4631291220674548 1.949989749614341 9.64684598802946 -21.473762547099895 -0.03421607828378201 -0.7644438415557432 0.46313074169406004 -21.618678826088022 9954.340716204944 500
605.2743806607307 -0.33890395362594616 -0.33890395362594616 0.4128757148354683 0.8292847910998532 3.3454186694820316 -9.814374348634885 12.711987801521778 -0.3480013452306532 -0.5400023620335894 0.9624762496294842 13.3909678266044 39845.70060974117 500
600.8375570427212 0.47366892411510675 0.47366892411510675 0.21757309171375996 1.9679284441737661 1.5359932883727367 -12.269004609200158 -7.426913998139199 0.47498975603521126 0.2915591993708109 2.154755325792738 -7.43237966327562 312.8738083675308 500
605.1719271856656 0.6491317110479998 0.6491317110479998 0.1944877030207842 -0.2151923548928544 -2.65904447667351 21.081582950386654 -4.887250781203839 0.6675610623785371 0.33922947477397436 -0.9392721475413445 -4.890982831571828 11043.142136076103 500
607.7461091514406 0.2650930065880194 0.2650930065880194 -0.30978820238328425 -0.1931038647370219 1.2306713236109876 -0.5961851059769109 13.194160681149734 0.2651727472042846 0.3436503975737351 -0.19430263717598864 13.88762898985774 3726.06347555674 500
600.9964917046135 -0.4215083418823992 -0.4215083418823992 -0.5589532140145684 -3.101903904122478 -3.305294882201162 3.8350745960130252 1.1091612488358185 -0.4204523227783231 -0.5920849255480948 -3.0993579717380992 1.1488932799605054 451869.49483783555 500
612.6693938196311 0.06501752722029393 0.06501752722029393 0.3596150648432888 -1.5929697335140467 3.619372674876466 -0.8406928761663577 -0.9275427205229704 0.06584392039980556 0.5275099216116292 -1.593006327275124 -0.9570342780471243 19418.621697642404 500
612.0325588237563 0.5619150817582524 0.5619150817582524 -0.7019253590899718 -0.7419929113564161 5.127222900002287 -22.66181092294593 -6.497135720426968 0.5643349721940158 -0.8481245803364277 -1.8480754372572354 -8.657259791251157 200915.02624786407 500
615.3780571814254 0.7725070777529798 0.7725070777529798 -0.08848881216328029 -2.6054567129594135 0.1323199213056181 13.352504240902425 22.320434835001425 0.772509789270108 -0.08852347242236627 -2.797485997719874 22.320435172320018 0.19083392371990923 500
602.7531467642323 -0.29008875258441247 -0.29008875258441247 0.02852483086076923 -2.2921761568953425 -3.6853691601457044 -35.68905491688012 3.3745489859330013 -0.30813500588851395 0.02513255617762358 -2.9976635679124675 3.3745726878799287 202.16731980027737 500
605.4229114000291 0.3945390891805166 0.3945390891805166 -0.1544445028400633 -0.5735106885380397 -2.0680764308280737 -17.174761280992747 8.60354984254229 -0.39474957320595144 -0.24290283688513678 -1.4319041654475977 8.625288614543457 91.58599468432625 500
612.7956627066592 -0.19387510867202012 -0.19387510867202012 0.24472760140429992 -0.22411327114810697 -1.7221436590740662 29.07653169323275 23.473580146452512 -0.24711446590105307 0.297453394910488 -1.4694441451476512 23.563456866637324 361.8594903304016 500
600.756127785149 -0.4593695320685061 -0.4593695320685061 -0.23918031173320664 1.6127017404684016 -1.4021460662948282 2.754907059882715 -4.70633969940006 -0.46015714006019 -0.3091425803572002 1.632547994839851 -4.712368095749713 380.1120556390421 500
606.9351621747913 0.5292431850888568 0.5292431850888568 -0.2350556173212168 1.1047964908554302 -2.1644112720801796 -19.138415256027997 -6.287056324882491 -0.529047551742179 -0.3222373235138169 1.8404269605345374 -6.324707365943502 16898.58363597007 500
604.3598818722353 -0.28722178318629027 -0.28722178318629027 0.31615625688789806 0.01356980716112327 -1.5196308791033264 -12.92981707331038 -5.900318766913068 -0.31515479264847374 0.3714365776175425 0.04578760826012796 -6.03993343272872 12654.779308245934 500
610.9864990204053 -0.015751963054863507 -0.015751963054863507 0.14620392009451857 -0.6825587223888325 -0.764704866473654 26.811144342971684 -9.871769930720284 -0.033529317081736454 0.16548825542622822 -0.6854575758685936 -9.909761171715228 1.2858077987362408 500
605.6698884362002 0.0008665061420729301 0.0008665061420729301 -0.04186922386268143 1.2669408531317454 1.2377261039195526 -4.470792327460131 30.371679449979816 0.0008742398889146944 -0.042979107066969516 1.2669408576545218 30.37168329648306 0.003581622429595015 500
601.3132166934638 0.11310357479905453 0.11310357479905453 0.06195946990290366 2.5062803926983346 2.8524676124379997 4.770954844287771 5.108635312348233 -0.11369752772004921 0.15129582429864755 2.502230617481314 5.124099772177103 270.6101989061315 500
611.7854311242853 0.34082364015029165 0.34082364015029165 -0.3495588498552158 0.22542605157282028 -2.07795559267381 0.4115009961749897 -13.071515861177021 0.3407733224992354 -0.42130592867016675 0.22695294867601093 -14.11902412085158 4863.383918607245 500
616.9140497106664 -0.3596185326748509 -0.3596185326748509 0.18210706416760256 1.9548849487505038 2.1715497146516194 -3.4390630703926384 -1.7981879730015446 -0.3599500742459995 0.27594794209726664 1.9679718035887326 -1.803857846599398 50.061361239766974 500
610.2697257905587 -0.22255804874338503 -0.22255804874338503 0.21547675030744481 -0.22708979629428275 -0.23593536063738502 26.825568140857026 -4.752978398314882 0.23091770293838498 0.21851994902349653 -1.9424314485436143 -4.754744787658742 10.380270497173615 500
609.4079666307042 0.6317571615329183 0.6317571615329183 0.13767197882419796 1.4260875578761074 -0.48870420775945883 -5.427999907011269 5.927804400717619 0.6319324402208257 0.14136228910014814 1.4802982664438447 5.927847637530067 2.286931623338288 500
610.8513607876793 0.5546149941751088 0.5546149941751088 -0.11727243865257596 -2.0031485185545406 2.5651453706616416 -10.481870469424347 7.130913012151832 0.5549158749780786 -0.22376928235882593 -2.153547510899009 7.132342468987842 51.496267293494775 500
607.9539394650528 -0.1047156423795725 -0.1047156423795725 -0.05474114646305451 -1.5844691678053708 1.8605510135869556 22.439781131906532 9.083282136727151 0.11959617231602206 -0.10861331026831467 -1.7448270897433105 9.125968545826181 56.23164500910488 500
609.1806714049308 -0.36929425867159177 -0.36929425867159177 -0.02909805901387798 0.7791665252659623 -0.5891039550078285 16.63540439057855 -5.635079171226624 -0.3684295473986704 -0.02904341815175795 1.508335484321559 -5.635081424652387 0.11574506170933033 500
609.5596352646254 0.012271086298108556 0.012271086298108556 -0.7463262209772197 -1.3477857364710328 -1.0529274272116433 -10.331754132541061 9.974572707818181 0.012261685317064642 -0.7603092736637055 -1.347785833715165 10.002410119988099 829.780073455124 500
605.4505725855656 -0.179493985488037 -0.179493985488037 0.714946337509301 3.315881860848074 1.0682744696964492 -0.7363657762297687 7.709034719145884 -0.1808412172557343 0.6262855557232139 3.3160191607112357 9.730691191269939 39112.277183971244 500
605.0497230657621 -0.06859821539268224 -0.06859821539268224 -0.3601272240039595 -2.4405541677002023 -0.24653407713500025 -13.514724342653968 13.024759178971637 -0.06668243688924114 0.36019929313755855 -2.4406760670101266 13.357185138787226 6.2596200739237675 500
614.5632398164176 -0.3974118914685957 -0.3974118914685957 -1.524376926717527 0.8880326980502345 -3.307523824017636 4.722533943578873 -18.980888366982256 -0.401851787912529 1.5255691857053548 0.8903014845180542 -20.48205683188624 189364.5399423958 500
613.8185440391136 0.3522057855620833 0.3522057855620833 0.30519189266284724 2.5427723243728106 -3.446413452858325 12.16052531067145 13.960157668414027 0.34764488969973895 -0.47292698731766464 2.7718299375735422 14.941647350822784 1970.6347050393024 500
601.593999484786 -0.4820680817403551 -0.4820680817403551 0.3062318945576532 -4.617338064864751 -2.123987277047995 -16.228035919446377 -13.7679872308906 -0.48044683110480907 0.38825367640500913 -4.718593965222576 -13.965133642677587 16174.98539200421 500
604.8218892269301 -0.24131092362794193 -0.24131092362794193 0.9816316209384781 -3.0213009034946317 -4.874585593851997 -11.6322277614841 -5.048696750332945 -0.24285608537161749 -0.8663395516748732 -3.046315716424102 -9.819498533466003 1007670.8222862575 500
612.9546491536503 0.3758049212332594 0.3758049212332594 -0.5096718493319993 -0.46380806329544705 3.398312397683264 -4.342329293232953 5.483632874697528 0.3768340474263588 0.6427231735305015 -0.5381780418000734 9.125056763059746 30790.68012829864 500
611.5570381159683 0.38212166447650087 0.38212166447650087 0.6703504968890003 3.2915467053330985 -1.0690690897985582 -16.030500512500115 16.093370395597294 0.3786666442583347 0.6604186221571705 3.4286348974383762 17.52124629546066 14801.153831865739 500
607.8310139399629 0.29189760575865703 0.29189760575865703 0.3526598681806086 0.7002334086515426 -0.5911983263061975 -1.3584641306612173 30.06791555861426 0.2921514962513557 0.35653995743624795 0.7020306498646295 30.0739078333867 44.432813237475 500
611.7314296010258 0.7009286651496969 0.7009286651496969 -0.08276410349831645 1.7460101007050253 0.5197753561196778 15.089679835507045 -13.513738557166706 0.7026677961692536 -0.0834929552932843 2.0586289914421116 -13.513742361583795 9.576793513177062 500
606.235077585192 -0.2906472838113347 -0.2906472838113347 0.7375053006326966 0.4329257628524954 -0.54512724787101 11.404080902280793 2.266256556662059 -0.3123479579357852 0.741449569466023 0.43831218948488593 2.268130062181971 102.02099037863432 500
605.3948799916299 0.29220731041557757 0.29220731041557757 -0.2403250458891987 4.211961201502567 -1.0647839112324962 7.683403369196017 6.917215107700013 0.29373450519569616 -0.2800663730778214 4.215995748989562 6.919568856235147 16.478766503726565 500
605.1882271569941 -0.7742055044880101 -0.7742055044880101 0.5750452300162437 -1.5768848657671668 1.6934701304281856 -6.058813859009991 15.237163955790534 -0.7745861358646638 0.6187736113422042 -1.6314889883545864 15.275322047660737 3102.36704324632 500
608.1389320251033 -0.7353607125074076 -0.7353607125074076 -0.81235686664026 -1.048712557354592 2.540148322410506 -29.598840885967977 1.2304726357426619 -0.7421283886414699 0.8732630862592154 -2.3790555261013986 1.2575713695726884 37206.61774186318 500
608.5036906622258 0.22696723756963658 0.22696723756963658 0.006224645500516066 1.324075269750099 -2.088721126965173 19.46204687178822 -0.47548133786166297 0.23104452666782915 0.006547116774993977 1.9475879035645545 -0.47548135229353816 0.05119852848034377 500
608.4956433324455 0.5025572954979192 0.5025572954979192 0.14515026860777855 -2.326344964262752 -3.6392670271854435 -8.122259127731489 -1.73740824139133 -0.5038426009539358 0.30700834596658566 -2.3919461467807888 -1.739531475337072 260.51346346919337 500
606.5551556190943 -0.11418655553673293 -0.11418655553673293 0.07385789511848703 -3.6283482601825 -0.16417783080264972 -24.23773020803257 -1.6366737141948133 -0.12455481253456586 0.07347897946614766 -3.6327990059744266 -1.6366756903719328 0.13544948362106168 500
611.4018837193611 -0.1395519473023317 -0.1395519473023317 -0.3999587059435821 -0.7808055896890168 -0.3168646026971392 -10.413849031246762 28.13102877271009 -0.16842603149037755 -0.40058142692582555 -0.7951353373307135 28.13564524773799 56.384799910617346 500
609.6304566693113 -0.18700306398571678 -0.18700306398571678 -0.23884575438870928 -0.6960431712752269 0.6485129053632632 -34.83389331814562 -6.370130733762848 -0.13682411151043633 0.24540521650271366 -1.381774868131299 -6.818561984198902 41437.26406611261 500
607.4332910189821 -0.46130079329509516 -0.46130079329509516 -0.5519701905329845 -1.3653617979435373 -2.195654897713276 13.6382975437426 5.7791243632028255 -0.4642159896173295 -0.6228457218046264 -1.6712967060446118 6.293758147859161 10343.80144798902 500
606.571165112451 0.22653145649587886 0.22653145649587886 0.3505499575154178 -0.3370609636748281 -4.55642457911825 16.2060692862569 -31.139201275501097 0.2751285848027878 0.5073848944249559 -0.3593644758863329 -31.427298105581293 3943.698745323479 500
607.4674000195746 0.16472363263087722 0.16472363263087722 0.8733495918815284 1.2391357447646978 2.0929662024937072 2.7550723940681894 7.557535572456757 0.19926156336967793 0.9021961763598322 1.25417008432451 11.568271833743333 31719.64713716759 500
614.8225408228319 0.09503200411223103 0.09503200411223103 0.40546742728787516 -5.718372246528118 -1.1372464535864368 -9.216786716282032 4.036678694255687 0.09476481885512324 0.4342367177797107 -5.721385670858886 5.176412175911256 1427.150243740162 500
610.5033095881876 0.11434762903383291 0.11434762903383291 -0.052868658660885456 2.2210330525243753 2.992944452900677 9.668974590698745 6.681201972305594 0.10936762317075291 -0.047419034549135534 2.221275075079135 6.681699896479474 33.25212430058673 500
609.2616866706538 -0.6828727486611061 -0.6828727486611061 -0.1911511881939306 -2.9549894135125854 3.184650681937247 -18.29215074718674 5.439736704446399 -0.6655801468920769 -0.06896697670635585 -3.1847711603118785 5.598217450024171 6492.139837804868 500
609.9647184989173 0.39317661324168995 0.39317661324168995 -0.17292492408456084 0.10119433446685748 0.713445131841519 -3.229763569135148 -4.486835317767051 0.39479427479421364 -0.19097124845097554 0.1170727747886915 -4.488271438529589 3.390500861465283 500
609.08592965802 -0.5650802579107849 -0.5650802579107849 -0.0766464811015018 -2.341896004033733 0.30737082054288595 -1.0588850094552809 -8.35276961008836 -0.565085510856383 -0.07688800845242413 -2.343204630187209 -8.352771481362558 0.0016137102819829107 500
606.3137210248516 -0.4144670458861158 -0.4144670458861158 -0.21172969103704345 5.2926967364928075 -0.019970477430493454 1.9320265179142422 -7.032524979879626 -0.4144213404240553 -0.2118009521616841 5.293476338635847 -7.0325291256582245 0.004646774267690885 500
613.1730027421398 0.673407762910549 0.673407762910549 -0.1159480273784076 2.613805778433491 -1.5002198073780637 12.422307780049618 2.272171056627533 0.6734017494159141 -0.18127727944092722 2.777666463845325 2.272483178070596 162.55132850449706 500
604.6396775503 0.04919055470497117 0.04919055470497117 -0.20530661371217318 -1.75731872711922 -1.1684417562227316 1.018478281218435 -15.109979739766937 0.04914513804717176 0.21151907336426293 -1.757318899085002 -15.16083672197826 11433.140370452596 500
605.5927854414584 -0.17786545474260176 -0.17786545474260176 -0.7759391188665963 2.4480008824164337 -2.1835360621007824 -0.2249103196631486 -15.982521925916274 -0.17964715962750177 0.8165451343334665 2.4468758650176277 -17.005824269125892 32314.687158204768 500
620.0159539504657 -0.25524184056698995 -0.25524184056698995 0.4792711857882204 0.16917897906127446 1.5323718061680685 42.35448778864044 -13.60371049959387 -0.4218744874672482 0.5162429637907532 0.5695065857599447 -13.702543697308569 4966.760559587695 500
610.7417515210958 0.4998528657899232 0.4998528657899232 -0.5301205445010447 0.12929057225279864 2.748917957541491 -0.2197664459691472 24.951467430559784 0.4998111322631333 0.5607144684578825 0.12933170287272314 25.44056648347661 57784.50910164486 500
604.9627383481527 0.11543597969287811 0.11543597969287811 0.11294697527830412 -1.057019403844188 3.456960413344062 -23.2154280126556 5.649327089952344 0.1471961744978908 0.26923882432568386 -1.4996576431733113 6.192391857771173 757.5141130197795 500
614.198746700001 0.3341009707529771 0.3341009707529771 -0.16078046098986964 -0.6172682293241676 3.2906180160190726 -7.3457778179280995 -22.86876003307974 0.33410067178001907 -0.08287553839887196 -0.835472610226097 -22.869342660648485 30.144997249205886 500
604.081201359848 -1.0251043492530416 -1.0251043492530416 0.027271315870959476 -1.8828158759210174 -0.42780638010431865 -6.845551599802493 -11.734206481321309 -1.0251064232007308 0.027329410262566998 -1.954545531547489 -11.73420662396961 0.005498722568664319 500
605.5528594180067 -1.3751455503605803 -1.3751455503605803 0.5669951382478944 2.53800999682351 1.2003337426199157 -6.968183176400317 13.298523281814076 -1.3751043540883472 -0.5282638810502701 2.5935312696870136 14.052082923477801 65381.54198800428 500
614.4421679774855 -0.7465432038085494 -0.7465432038085494 -0.48731941985954624 0.5858271451898354 3.570167705292634 -5.524002642915633 -12.577377796248463 0.7445668162171216 -0.6256238574324103 0.824560150221443 -13.494314249403425 18241.018003664325 500
615.0553711798548 0.6657152664526061 0.6657152664526061 -0.15684749609337842 0.33737506784452287 1.0212810195750337 -18.95915031116699 -17.936590172357178 -0.6703173462522556 -0.17912932929969633 1.3885814184433722 -17.93684474313976 102.4346341494696 500
601.8393778880925 1.0124696883867363 1.0124696883867363 0.40223140317794165 0.5434318051034425 0.7630462688781041 -10.057373790349256 -24.362072687873738 1.0123739632053936 0.37787747508057606 0.9433511892010726 -24.390218939350902 261.1935070528866 500
604.7064276088668 -0.022667286529307825 -0.022667286529307825 0.15591161654928745 0.2563271367349857 4.200520977547612 5.759541822062771 -3.544351268839568 -0.006541003958850594 0.3335235510962619 0.2563622383042368 -4.409239357370769 855.781588684941 500
602.4296127635927 -0.12004662773344067 -0.12004662773344067 0.6964067962918999 2.9156810787631433 -0.4349448788380126 13.717385235225123 -7.66887512666927 -0.12715114089238994 0.6988754873876618 2.915965450813687 -7.6738162549060025 57.42284335258552 500
606.7843527667964 -0.22849437035264591 -0.22849437035264591 0.30271693865229804 -0.7363012035936568 2.1200838206645587 -5.925231255091793 -0.885263839530638 -0.23454676063066227 0.39658414107220896 -0.7596726275642787 -0.9068424743868366 518.6791628974393 500
617.6631759670638 0.6955964287838751 0.6955964287838751 0.8506002007277018 2.458840470925834 2.8487458708196405 3.798726009794429 12.022719753685754 0.6954547117129192 -0.844837278989943 2.4804387611491987 14.186650993726408 243655.18526210697 500
615.5604735925097 0.09135683096854313 0.09135683096854313 0.5037085514121404 1.4848809526794375 3.649163060939735 -11.310939447413453 4.371776403001042 0.09561347056005251 -0.32804552242806684 1.4892031358185431 6.607141116479825 581858.2335814495 500
607.8222177041106 -1.105164139981186 -1.105164139981186 0.278433859064637 0.4173630624581919 -1.136876093819666 -14.866254200009779 8.476080583910253 -1.1051401278228115 0.31280636134127576 1.2110685680277484 8.480089384618088 324.5534364440047 500
617.8047159887581 -0.369379099015043 -0.369379099015043 0.08995871938171085 3.030448314825778 1.2140501773414365 1.834787345482156 -21.478709764753237 -0.3690048368904346 -0.07483393404250083 3.0305731955430524 -21.479272405947313 0.07694620912111799 500
610.0348396985048 -0.1825727560305935 -0.1825727560305935 0.7573276924468653 0.5488791967519914 4.068383016442068 5.749517544321787 -6.575573902006738 -0.19095431207197608 0.8386790973603261 0.5492574896234064 -6.778575130201571 288704.87286223745 500
606.9323474316654 -0.708971490215341 -0.708971490215341 0.005488514298106243 0.5158902726740069 -2.0614007366262626 -15.642411716979387 2.9437584293638928 -0.7089153970572557 0.005470934776139793 1.315019073554996 2.943758433530384 8.47454461304509 500
606.8208808938849 -0.04083849678785142 -0.04083849678785142 -0.27410896902870596 -2.6022670142134854 -0.09266522850067284 6.038685778635619 3.253182217078652 -0.04131807512544327 -0.27440602495346733 -2.6022735636816035 3.253751358878739 0.05746059998625708 500
606.2691154792024 0.5452644503237541 0.5452644503237541 0.09613494200593568 -3.819323727628507 1.2752996075290617 -4.213383130973819 -40.98203926987286 0.5454046494695011 0.10084915327253323 -3.8275150793443964 -40.982049705840076 0.2283285865894306 500
601.3469174136634 0.025041867332419594 0.025041867332419594 0.7276349261135556 -1.1640666591585225 1.3339825534942964 5.660934696609912 -34.954836383387466 0.047428180438989866 -0.736044036631122 -1.1641064927332967 -35.89265602866646 2135.251829263826 500
614.2486171262677 -0.09865957317188401 -0.09865957317188401 0.593432215024421 1.1641093130369593 -0.10483925357030381 -23.86528262302339 7.480906460028098 -0.14761371179390628 0.5936161578950075 1.1683765229153338 7.481266258561465 1.5327487401105462 500
606.8591750510255 0.4054023618059934 0.4054023618059934 -0.5978488054501456 0.875309416461825 1.2263393425304705 -2.1236284502589045 0.6759262027949572 0.4059652303000842 -0.6176661962119024 0.8796287604596297 0.6808615448753348 13257.179860865865 500
601.656238732754 -4.3069665625934454e-05 -4.3069665625934454e-05 0.42409731019092783 -0.32751119587035044 1.0748170818824647 -7.988633054930813 -32.60591961419321 -4.150740145046232e-05 0.4262142411792957 -0.32751119587087363 -32.6575258981024 1036.7347626567848 500
611.225248043949 -0.3743669084251991 -0.3743669084251991 0.692100842606404 -5.816165655437631 -0.137630564162096 -0.8557986611818906 20.332727091603008 -0.3743665132414612 0.6923430492081921 -5.816307092962183 20.333746897531068 0.13908280453422586 500
618.5885576843067 0.29202102746060266 0.29202102746060266 0.09629780004864828 2.2252217821721496 -0.017566580095966802 -11.511716972864098 -18.710416271319403 0.29952980808339835 0.09642247321804552 2.3074047787487126 -18.71041565463065 0.3423031996522393 500
615.0965203020714 -0.0005678994407059205 -0.0005678994407059205 0.0959419658040188 -3.7830564576856807 1.142760444363008 32.33574016427967 -0.9378455568785011 -0.0005684989526297621 0.036158178991646375 -3.783056457703459 -1.4967667114894774 105434.56958784536 500
614.2251841655394 -0.2833138148716044 -0.2833138148716044 -0.15565297803891834 1.9367626356881191 1.3394289287097843 8.500093456594527 22.14071373514452 -0.2861877705736673 -0.18877783938016396 2.0028931570060826 22.141830062425402 6.146209774615432 500
609.3691303813338 0.33123070365780644 0.33123070365780644 0.6364310124608874 1.7467946198278013 -1.0276032028026008 1.4067683038157992 -2.5439658118478294 0.33129697985774065 0.6405287769048165 1.7476268040824243 -2.5745951723433205 27760.667098837876 500
605.7158916378278 -0.20951335471146754 -0.20951335471146754 -0.24047617143946898 4.737746108559776 1.7052080629637008 -16.493324590419977 2.2108086909249223 -0.2139819207283148 -0.3140064231247623 4.739357839244269 2.2145007109542214 100.2676924836404 500
601.6923772741981 -0.5109924348482304 -0.5109924348482304 -0.1838275515786548 -2.4983014341326406 -2.1315321701989682 5.720577868964756 -2.738933610736236 -0.5113734796885191 -0.3036986313372603 -2.5296754079443233 -2.7425518590959976 401.07770926557214 500
613.2799783617028 -0.002805247947214703 -0.002805247947214703 -0.06445863866428983 -1.2000848654099 1.9607935483047305 23.872718813623216 -7.592320626739922 -0.005791114390242239 -0.11588820893483767 -1.2000524427571373 -8.170123036192454 0.6988993480601243 500
605.606028181256 0.4088043922187747 0.4088043922187747 0.1368274937665681 1.594975894500278 4.969428242694189 11.120970891104365 -22.430791041342353 0.40978894734720295 0.3004885463030021 1.7944221511207594 -22.463339056033902 83.46582964487727 500
604.4012299375789 0.34886365322823165 0.34886365322823165 0.7793004573318083 4.071606496180835 1.8911990895117239 5.036237993190767 -21.03505316738344 0.34956536448883585 0.8078218750162063 4.082062080148834 -23.70195556323891 7261.906515013175 500
603.4759266075655 -0.0828864543658055 -0.0828864543658055 -0.3725748264827151 -1.3790191180090623 0.7252529459092247 8.6743640226196 -26.70357793642781 -0.08348811450569611 -0.35711619306015563 -1.379513177163011 -26.70835913386464 174.5021943717166 500
605.4995008064687 0.08619971055069466 0.08619971055069466 0.03270480583177164 -1.798142365367459 2.454431600571768 -7.017793813248376 11.812436273415518 0.0892097565666262 0.07338890947570258 -1.8045206619259593 11.818440707830952 0.17608052405742797 500
617.245380300986 -0.38279291364561374 -0.38279291364561374 0.407440208769491 5.058116956768763 -2.4706746090990226 2.7176898416582067 3.1919553715605264 -0.3830451827154724 0.5048935316164498 5.057469676210585 3.2194513506942504 2274.044404521052 500
611.1663499934899 -0.4309233429959409 -0.4309233429959409 -0.12185620285701133 -3.4537588025955257 -0.47495265369590534 8.852408794656403 13.113742022579123 -0.43037606071044854 -0.1314788582229756 -3.475280002384212 13.113831726339923 8.60543180505472 500
613.5288040359228 0.052903815756040355 0.052903815756040355 -0.0963064649239961 -1.248914348578438 0.0392027054142435 -8.656157435343303 -20.100476554609404 0.05762236858831372 -0.09634680799901175 -1.2569180427993787 -20.100536800629726 0.0011243599836126981 500
603.7686910259958 0.31483111681981113 0.31483111681981113 -0.22762248847527547 -0.15969779597799713 3.057954019533627 -34.35502319245346 10.52814353399635 0.41241907135382727 0.24511783060559705 -3.973811785118486 11.895647213200823 39646.788246683536 500
601.8356701197067 -0.7231019016533289 -0.7231019016533289 0.7314340571804319 -0.020631447421200932 2.6246697290792285 10.70235336614895 20.004757564570873 -0.7230275918594585 -0.5589069677716574 -0.81661368340347 23.97121442558922 92578.35164382152 500
613.1854197025764 -0.5507789662556011 -0.5507789662556011 0.23085037869721897 3.7318339335712203 -2.6064387130618853 1.6736767080524613 -5.685194934313124 -0.5507050233284715 -0.26474690333975126 3.7336103287139837 -7.283535485620025 110739.81394489386 500
609.1459095195995 -0.11890386261777479 -0.11890386261777479 0.5804942163177561 -1.6703961853120592 0.6427717331750025 -23.63887686233881 -20.431583028268456 -0.12305716843512503 0.576401998570604 -1.7937505426458953 -21.57243989005604 315.7743904142131 500
613.378595824101 0.06204581950817974 0.06204581950817974 0.4964139366744192 -0.12220714122705618 -0.7783129961951574 -11.640266881899471 1.231021301097264 0.06481238781502018 0.509096235988727 -0.12225929400543561 1.235631958945998 118.37671244043187 500
602.7898778252976 0.298240711836988 0.298240711836988 -0.1964553021389963 -1.0739203455805815 -1.1084636850262886 3.949658511472835 -9.211782053975378 0.2985643365277011 -0.23209158186637624 -1.109105613327359 -9.235981424508429 10.974848958650226 500
608.6855127756372 -0.03966170258662573 -0.03966170258662573 1.0169157417410457 -2.1102986568769895 -0.8920109266218529 28.57543271569439 -17.53365359749251 -0.048222202356570217 1.014583525447297 -2.1104493184371944 -17.603413148322304 4325.1527462815975 500
614.1507268696128 -0.08177332260807077 -0.08177332260807077 -0.35086489911422275 -1.0610287269584593 0.9085027280440237 -19.925557189704335 18.00470308345997 -0.1350579451784146 -0.3685611342855925 -1.070136722079941 18.047845152146827 24.31207984054484 500
606.642396939208 0.25018297216280955 0.25018297216280955 0.017365951975307607 -0.44742358240339103 0.385490166432232 23.55812114112616 -33.84889242072045 0.2332796843887563 0.017774158051413556 -2.0898542982139063 -33.84889186634439 19.93734704847212 500
601.8573776177293 0.0179482019824295 0.0179482019824295 -0.19261196764745162 -0.9491360895899912 2.0513261347327387 28.63072304493717 14.494964556871299 0.04219777204905275 0.2814196055853034 -0.9483507243791671 14.977598767113056 779.375055051357 500
607.9696355125517 0.12290158312824344 0.12290158312824344 -0.28960959530574815 -0.41572803196549435 -2.111940745757625 12.315336358974557 4.627070630677908 0.15854836234867356 0.35045514883674345 -0.4856847492209377 4.999504797771665 142370.6845220384 500
611.4667667522474 -0.1755698068212242 -0.1755698068212242 -0.21545701038870368 -1.8240226315945682 2.282753031048046 -24.45292271561087 12.121392578030454 0.17907913837767897 0.32874882129639965 -2.5530933265033426 12.806403289253621 102.45885685578962 500
611.7669350495438 0.6349332350616901 0.6349332350616901 0.18842924045040324 0.5344952065169498 -3.59959366280997 -0.06793445086789142 13.776434174503345 0.6348777766264956 0.34085482993505645 0.5340689685557048 13.788796634407165 484.80138373626085 500
602.9778610234489 0.28198094229843473 0.28198094229843473 -0.05911976206848527 1.2840422569225294 -2.5943206799166836 15.259928172981928 -5.052469804286877 0.2870243685890474 -0.14032435410578947 1.6845070421581456 -5.054906581402342 5.4131024730369575 500
604.4450464246477 -0.6312642441146558 -0.6312642441146558 0.06152443050835638 0.6979607405055265 -2.6650078719763717 -3.5249765514724807 5.3762952060503455 -0.6310791291400137 -0.03371447162681828 0.7481414674156405 5.3751063845339555 5.906879330160107 500
611.8787278909078 0.31007418237634854 0.31007418237634854 -0.5329919431543398 -2.4986797691204723 1.2680868930815978 29.073124655866557 -8.104209261674354 0.3542514918241134 -0.5612678237070623 -2.7499830247827224 -8.171325180180526 408.90110740617513 500
612.214142749229 0.9067021545379387 0.9067021545379387 0.26084172430157493 1.977300945536403 0.652200257246289 -9.295600449924128 18.431821237962776 0.9078194817540441 -0.2640182197463539 2.1057029836183916 18.464521092747017 1469.8992164498156 500
612.467042152216 0.006740321631953778 0.006740321631953778 0.06882709481402151 2.7597461375356827 0.4292477789454685 -3.865561161781244 23.63997291868591 0.006777241778929698 0.07044692787922895 2.75974622171391 23.6400312096098 0.0006629854102318624 500
603.1004806752851 -0.221137083352345 -0.221137083352345 0.335831995457015 2.233494340744991 0.037851869101978804 1.5962327001697412 10.000546713383834 -0.22096451393741184 0.33582590836620013 2.2335331559969824 10.000872538442325 0.38251744701491863 500
608.0914419880783 0.07974203675624587 0.07974203675624587 -0.24147387412168123 0.5501418701916656 0.3887090289544742 -9.623090324479712 7.3633216087282705 0.10155289223192966 -0.24806325339852547 0.5630968982461022 7.386562854978274 20.597720339337258 500
605.3594559015983 -0.5810256766555065 -0.5810256766555065 0.6731524784625837 1.6554987689944758 2.2557337793908356 -5.142670996978688 -9.849783176012476 -0.5811068260357242 -0.5990024156147077 1.7037772486508995 -10.311243754745922 417778.8878812208 500
612.8117581691325 -0.8994371732277562 -0.8994371732277562 0.031229985531036498 -0.42905510611392395 -0.9160865117210402 -3.4228282657030062 -4.327137604535842 -0.8998793000219915 0.03121704407155028 -0.4425849021038101 -4.327137657388028 9.744304496971614 500
608.7370254858795 0.29920912967273083 0.29920912967273083 0.12386686100653577 2.271473799924811 2.2787968224787694 -5.698305885089649 8.73242428363104 0.30102766849894763 0.21659232272103865 2.292947898379623 8.741711064947832 23.635056796057913 500
615.2660982453732 -0.3697197014480927 -0.3697197014480927 0.07279309485491862 -2.8478283146707803 -1.3042316831294252 1.3813319856291557 4.118290656485657 -0.36973692355166643 0.082723136852285 -2.8490282164180254 4.118496306299399 42.49659457953581 500
603.7314348545232 0.11813695338143938 0.11813695338143938 0.0697296246100615 1.5138597011588615 -0.1541532917997269 0.15459031520244287 -13.053989730182408 0.11814110766381879 0.07016201656621729 1.5135888925566718 -13.054037828910293 4.860590901345448e-05 500
603.4603503233534 -0.0023475519865013873 -0.0023475519865013873 0.44811596833487555 -0.4388150027971267 0.6918686741583397 -13.261864534314661 -9.440598936143052 -0.002023566394311633 -0.455106347832923 -0.43881505176043206 -10.482997227097654 361.64594020156454 500
603.1603748522241 -0.08916610573319468 -0.08916610573319468 0.3693060471107765 -1.735556726803515 -3.1803751781128495 6.6407182730803545 24.160765515261634 -0.08791227906772923 0.47589960568948486 -1.738790671325559 26.831792465651315 3192.8245437410715 500
610.338685326339 0.19099129047541671 0.19099129047541671 0.25447558066250753 -0.4686156078267641 -0.7569560141485513 -6.195662646452163 -6.821368632598079 0.2024036465403016 0.2715318542996705 -0.5188364291382245 -6.859065527446589 9.861103760891325 500
610.7512798736985 -0.8180947080204342 -0.8180947080204342 -0.042855637100471036 -2.3969348507219066 -2.259045878525172 -3.1480634462041976 -2.881299842241741 -0.818102064543136 -0.11019824806984264 -2.4090090141593574 -2.8816788604610015 76.13893300008873 500
603.9406897574331 -0.5783176017871106 -0.5783176017871106 0.4719567698293634 -3.8829914005028043 1.5138921350170906 5.7648400277814975 13.386147072848 -0.5783295276279122 0.5018250406611315 -3.9061376288684424 13.968130867670252 21081.767003166187 500
604.4369055472959 -0.2735728029786457 -0.2735728029786457 0.482096142040563 -3.2365644977087396 0.49458769934580354 17.4807153819605 8.126306585725137 -0.26599665832778024 -0.4833034881565997 -3.2853356946259145 8.82018264717865 1797.814707500132 500
605.07119945981 -0.021262633144344324 -0.021262633144344324 0.05990763650468763 0.8149046350011593 -0.6849959067894974 1.7708205707544658 -16.45966212756557 -0.021368075102870896 0.06863800187475001 0.8149243953343679 -16.46102716733403 0.00497629907205166 500
606.7364116522159 0.5526998099851607 0.5526998099851607 -0.4135538034302785 2.8555980997966186 2.9167486542120926 -24.806453235707004 -13.52691613670136 0.53055619028583 0.3970431745904644 3.201038918091538 -14.256697529495526 210476.92947722343 500
606.0080985096017 0.3141621481168294 0.3141621481168294 0.38747561002960357 1.7987588772031067 1.379422859091781 -33.16965476266881 10.414676107219817 0.34300135903606527 0.4316473767104214 2.6782259257822396 10.515422793111227 951.5037119565552 500
607.4684377711936 0.42090417631333654 0.42090417631333654 0.25276325124680016 3.450893010841792 2.569223610657762 -3.13735519925454 5.184399319651369 0.42127336315674885 0.36966194429953614 3.4551918963848185 5.200030390421348 1193.546241692377 500
608.6970402325385 -0.4241618199454179 -0.4241618199454179 -0.19687940756912906 -1.5768132660133067 3.0765706963075936 -13.517910406088784 -0.9996349716746583 0.42472385539090224 -0.36624057956733824 -1.8825846028413302 -1.009958739537053 1188.658917468192 500
613.302114973734 -0.755285369836406 -0.755285369836406 0.4216450885965452 0.5214043328286583 -1.208699489687622 19.44217657117759 1.195574982867015 0.756328757297529 0.4507389966088858 1.5316901269822842 1.1977646468354397 1530.6352075546251 500
609.0546791536979 0.11494864725528463 0.11494864725528463 -0.5046254076350325 -0.21154415533447615 -3.0089957468453274 -2.6796593048861377 3.5220365799421463 0.12412256621073164 0.6187787824784527 -0.21189591121161266 4.774356123766603 37723.19063526238 500
614.8876809046621 0.10219744774154817 0.10219744774154817 0.2848269396577239 0.004320964599415175 -0.6095112309522808 -6.686585387108862 -13.367898208862842 0.09918366807723146 0.2945718608648348 0.004360384798050755 -13.39046649878831 1.655272427655149 500
611.8014242391064 0.4170454520658901 0.4170454520658901 -0.3949949454607279 -4.063999813515199 1.4239374482461697 -22.746803281183663 -1.0370898915870002 0.3993349750806541 -0.4274446075009071 -4.084830293865965 -1.0539228890636796 55236.536741101874 500
610.0461341636051 0.12976690881793804 0.12976690881793804 -0.2982607349452759 0.3544477724823382 3.9060305592030202 4.153943833793442 14.81599607041143 0.13487083023287938 -0.48433704036897124 0.3553911473755059 15.790240517150137 3611.412034854195 500
610.2052145620221 -0.07047900602371664 -0.07047900602371664 0.4754776072182387 -0.27440194076646857 -3.663725579323683 -30.28596353202307 -18.33872273498958 -0.04568925609066422 -0.6093570924681401 -0.2756216764989771 -20.074510509627935 17885.864180982746 500
606.6826639193657 0.4068173251696237 0.4068173251696237 0.5150013572370976 -2.2091397304796296 -1.0207769124856063 -16.825226474627105 2.200667322384231 0.4172456216118724 0.5337951881707399 -2.434705200757233 2.211461072814707 288.8609298472597 500
608.5019520571709 0.4697633360659409 0.4697633360659409 0.2632949673542218 3.595794585777739 2.464622631734714 3.184040027241863 -15.232961795357621 0.47007813836567947 0.3663218930201876 3.6004758563088335 -15.251887754682809 570.1469493392136 500
606.195790195993 -0.8876098301636558 -0.8876098301636558 0.43303287264104884 -1.162382632380675 2.895688715202331 -22.40505934786861 19.573036358192418 -0.8858189333078922 0.37289565443379 -2.0645508488668574 20.89002094262612 73787.87736518384 500
607.6083070951054 0.3342928796493265 0.3342928796493265 -1.0247220604825742 -0.9860777442597799 -1.9974684629005959 0.2821323223668062 -20.513919461029133 0.333854858280242 -0.9138928681096624 -0.9781296289971078 -23.135888160152827 77642.8518125493 500
605.9188998814628 0.24486228998651932 0.24486228998651932 0.2857689727408211 -0.47455302630351576 -2.8288916961691215 -0.7131295870539192 4.68849695686856 0.24435568931795057 0.4263873474632899 -0.4856380567613272 6.30566050854178 1319.921778380279 500
601.5653227151254 0.37638253824757606 0.37638253824757606 0.7383267772061116 -1.6417020642546143 1.8551619924578335 20.3874022360644 20.869371902413132 0.3756168881194543 0.7335726307690438 -2.2751244431326945 23.013797855954014 47539.29426437071 500
600.3441821253439 -0.8016342979563574 -0.8016342979563574 0.008777858249789069 -0.15691407802002014 -3.596430503064047 -30.98523968713219 4.566507635494074 0.8016752173918534 0.01645850557189109 -2.3784226935993296 4.566507861485735 0.1859094554365485 500
614.4545695727877 0.20397146812251105 0.20397146812251105 -0.46242845716549497 -1.4669698609787232 -0.07885860724750818 7.0976328020344095 -20.096270892136765 0.21314261780405006 -0.46254532099442813 -1.4713054079700298 -20.0969204295359 0.17542605611251755 500
609.8193649030703 0.14082411363957423 0.14082411363957423 -1.1002352051912332 0.4228563237202583 1.7545700045856245 17.08067990502923 1.915649381850539 0.14170857942680606 -1.1189135716195753 0.4230594857715337 1.9260231221430957 19470.024590481797 500
605.8077857941911 -0.36820318366086696 -0.36820318366086696 0.2631522250129532 0.771851907055942 0.3776283484743067 5.385816789435549 20.848935736514704 -0.36880225925038107 0.2672959923014336 0.8623491612540308 20.851153184671873 0.19810032444177322 500
610.5500572511631 0.12823118014845894 0.12823118014845894 -0.10351894908173859 -2.8741487289022443 -0.028978795675962347 -20.147158703207715 13.910741591623987 0.14182083833793163 -0.10343662328472253 -2.883108930344423 13.910732226796373 0.1553355425600832 500
604.6669419350098 0.2460317005844493 0.2460317005844493 -0.9752868269330303 3.2412547220777297 2.0577727531071104 -29.89088787283091 7.094458531196755 0.2694262123126567 -0.977949224030256 3.2488352791783632 7.277473186518335 107624.62867436028 500
610.3288230303647 0.5769615001588796 0.5769615001588796 0.028837575258535447 -0.7548309185841818 -0.6231701034280315 2.907586606341237 -6.69569727366512 0.5769437216658679 0.029249434258396517 -0.7881803723735756 -6.695698033690464 0.0020723862446388745 500
607.0050448400732 -0.376865013866632 -0.376865013866632 -1.1472004083534313 -0.1571007577165506 -1.8606908730528577 -2.9503422345865764 -6.74718782146435 -0.37785276917143823 -1.1649170024569793 -0.15733473625748975 -6.870908512440037 29288.17207985248 500
606.8418976133224 0.7890787933157365 0.7890787933157365 -0.07192636944198692 2.121952471605399 -1.2280908714762 -1.2542505708676757 13.840410012389553 0.7890902914049006 -0.0886480173317229 2.1241171643024246 13.84139858526547 16.796906850040273 500
607.2708767055492 -0.008390584938550022 -0.008390584938550022 -0.06305359177803085 -0.8919703830165957 -0.3803024173720805 17.651032928962607 9.408779937094087 -0.01540834797559463 -0.06851569086876456 -0.8921828912472766 9.411145014330321 0.059127176819008066 500
612.1816235918654 -0.3193355522542799 -0.3193355522542799 0.3727414723153815 1.4973926496504462 -0.052690084860428796 -1.0941103001149788 22.99071163991554 -0.3193898866617223 0.37280432737995933 1.4993059809945637 22.990975834957844 0.0010194949329668823 500
609.4620120488476 0.32519666891839366 0.32519666891839366 -0.5947975680137487 -0.6592408136570368 0.5935029335011546 1.5340805285266206 3.7394092753150914 0.3256999987508389 -0.600359893264972 -0.6598031936106836 3.7442006480189955 75.32435341381948 500
609.3011614491513 0.2679263991657869 0.2679263991657869 0.21811329299660442 -1.5844337859156612 0.0010699844766002232 -8.42740414824963 3.5635355671200384 0.2705113497804152 0.21814854671159134 -1.6771035625530117 3.5635398097920974 0.14073784638560735 500
604.7742260519923 -0.7680996321688255 -0.7680996321688255 -0.30817298816184935 1.2522197369165522 5.043737019910399 -2.02509633240007 2.6861673042000715 -0.7684223133677027 -0.5171463819404448 1.2556589201695796 2.7006269411271306 22912.05964342616 500
606.5460068846417 0.2331322301333808 0.2331322301333808 0.329553049069194 -0.06936791415514737 -0.1664805155535251 -7.5710357987076 -13.213185697739686 0.24423761789560022 0.330317445885493 -0.08897373327879315 -13.21657061515207 3.322258204807389 500
609.4876401117028 -0.22880183041440494 -0.22880183041440494 0.03438693717640543 0.8317900111617642 -0.036615827138975855 -1.4107396796900384 2.4401822780425655 -0.2288191303619949 0.03442633752330638 0.8385605149615931 2.44018238172054 4.258326966928006e-05 500
610.398997722183 -0.3515613433223735 -0.3515613433223735 0.6629452320492092 0.4217087067100932 -1.4699734121449108 3.6332007828336783 -2.8728151313984607 -0.3517323055073814 -0.6823890067710303 0.49817415536695386 -3.5467225037222136 36310.77216381102 500
613.6120744458786 -0.10121702193137957 -0.10121702193137957 -0.6574748584072593 -2.136349299137164 -0.08026845559410077 25.655829552710745 17.696178853194084 -0.09977008002312482 -0.6572331036988955 -2.1364724760120213 17.69952802600263 1.6702777569113105 500
603.8155183031294 -0.17913536442385508 -0.17913536442385508 0.06382647419276335 1.397434944564307 2.5902284704820926 33.16684136614573 -1.6746662030881063 -0.2166876297382587 0.13508977612828846 2.303398279591546 -1.6767989926839602 7.36018003355623 500
608.9397057230209 0.2390977087718157 0.2390977087718157 -0.18147539363163756 -0.898714323579543 1.4267684457647594 -20.024490431266173 11.650156837247636 0.2427292045909038 -0.2504766469413348 -1.7286741587580996 11.712283677487783 14.492419536628844 500
611.952946219367 -0.12210321308202184 -0.12210321308202184 -0.6066089405932487 0.8040841046204426 1.1374955469410881 20.222583461391835 0.35854299400205986 -0.1474866098143601 -0.5478907517300328 1.0993941696065843 0.40152412766765516 170376.09649237615 500
603.3262710059512 0.3990841830351118 0.3990841830351118 0.7268569670267754 -1.9849348770619546 -1.901481021648981 -13.798995781848856 11.027100734356393 0.415570849402671 0.7672764845716953 -2.025887473608107 11.123850986040928 16165.786975846533 500
614.3598812640561 0.045059076913442214 0.045059076913442214 0.8524040456608842 1.3564599882793882 -4.367426050852817 9.205166514489418 -10.984024217099542 0.051237395934917565 -0.6064429711896265 1.356421505855234 -12.989188570679056 715901.1460406053 500
611.2167704574447 -0.12264343420969791 -0.12264343420969791 0.2670751076397601 -2.8338164645102752 -1.9086712955786176 10.778512650600506 7.413938461385854 -0.12627796167602134 -0.34124915299367264 -2.859141567176095 11.306865243963633 86.38600749585642 500
613.8011005866907 0.47934899772981615 0.47934899772981615 0.32695156567030365 -2.132769983617068 0.8869295211366438 4.517481977582403 -7.7424983060928385 0.47939095795556214 0.3518033339738337 -2.160731214649479 -7.751489999894971 70.96174760063593 500
611.5590858027604 0.313606972548237 0.313606972548237 -0.35136085532239425 3.0849264595406796 1.607209085708457 -13.029961398264343 -20.116035459674066 0.3129294649837955 -0.3843864928285585 3.098803559082302 -20.22305004135574 12887.837869736377 500
614.819056586306 -0.6824121958923567 -0.6824121958923567 -0.24960828221514575 0.1296280354418868 -0.9499418188298535 8.096075083680761 -35.25759057930266 0.682800555417423 -0.25847483621942646 0.5984793812712875 -35.25900226303121 21.173916091834066 500
613.8428881546513 0.3938610256951482 0.3938610256951482 -0.08198819815309727 1.0629103854529023 0.6612399943412935 12.29567716572362 -5.965385155692124 0.39607915489929896 -0.0878849278680201 1.3865859466267898 -5.965438691210515 0.2783280841449493 500
602.6518054113584 0.7758489358467552 0.7758489358467552 0.1666348015098432 -0.7717864758457107 1.0798371856862716 9.044381121760658 -2.9188685941051404 0.7758785237996368 0.21803250356863088 -1.037597884828461 -2.926334062440503 2184.864329418976 500
603.2661996043645 0.44533160594127125 0.44533160594127125 0.06608252385973108 5.211150874674343 -2.3642422358449156 9.470099629505555 -30.386034894582377 0.44494796535479286 0.0839480087147406 5.240577559181845 -30.386079351886792 2.6538342623390005 500
613.9844716169765 0.8030635819956571 0.8030635819956571 0.22382338158427567 2.599207360594704 2.5277325384122533 8.207054530766369 13.537077445765723 0.8034091056517721 0.33791789589717075 2.6675884645416694 13.539096200117534 118.21704039314808 500
606.5998411679905 0.02482808303199537 0.02482808303199537 -0.13601538017635445 4.8667429500818855 3.0836860148175274 -4.789350817715831 1.3591006430728239 0.024739904975682212 -0.2676901164670374 4.866759954405422 1.4198053214459372 1513.8873787958273 500
608.9798653286371 -0.12930098240510232 -0.12930098240510232 0.15088681186689057 -0.23284220505181635 -0.8574600801136076 23.77928533373219 10.602868623736901 0.1641265486491079 0.17277478166270802 -1.3987269970272118 10.655669878964476 1.461891891507749 500
608.1726895073189 0.32896965763174035 0.32896965763174035 0.3630404885856651 -0.9817408467913217 -1.502620827312242 -15.997682801309798 -17.315092807133592 0.33435760740320325 -0.4028215448493386 -1.504143273547095 -17.52199361491959 3596.384569752841 500
601.994106635705 0.12009329917282428 0.12009329917282428 0.07317760219891366 2.7188134903547714 1.1960325280969386 7.516270894435554 -13.74374655799855 0.12236084639572306 0.09971696937203332 2.7190116742373247 -13.744320567393604 0.3462383076552101 500
605.2026002649806 -1.0056726415292336 -1.0056726415292336 0.35550282932001515 0.527770390359568 -0.754240401516038 14.11569659506403 -7.510943488948441 -1.0122461997505012 0.3700176715572371 0.7557377646025925 -7.511196147849431 1829.426095451285 500
618.121517184539 0.20778773062949468 0.20778773062949468 -0.66243382009815 0.28880105471712586 -0.504947847336632 2.895604803241681 -4.646293211766451 0.2106013682602492 -0.6637615714597965 0.2898766492441727 -4.665721377373207 1358.0585228528348 500
605.7640419880764 0.6300177135505957 0.6300177135505957 0.5505322523973928 0.5851627306895691 -0.9355045107742983 5.157392003061927 -4.613168406749961 0.6305218486831199 0.4665621756384456 0.7077808330866713 -5.398264770479741 100355.0537648329 500
605.2875010141115 -0.14291089263639317 -0.14291089263639317 0.39388232519878585 -2.062961963496882 -3.054265627182041 -5.975189773707852 -4.886778494648324 -0.14694711312084524 -0.533724287521646 -2.063449337255092 -5.008867561746056 9987.900294540512 500
615.090026303953 0.6757391348796691 0.6757391348796691 0.04087603941706989 -2.950435639197853 -0.6071557581331579 -16.918059803868214 7.514909603009306 0.6644846725455023 0.054236766386471055 -3.1520787908496946 7.514991622200383 82.88986703734872 500
606.9796356772102 -0.5180318101347413 -0.5180318101347413 1.1970693985194045 0.913565786643895 1.9296335530604267 -17.503461015996145 -15.638248054525798 -0.5174877440496322 -1.1945432834840037 1.6435744549646876 -16.617341753346842 53741.22901233621 500
607.83606327739 0.04961644181573982 0.04961644181573982 -0.07664833719819138 -0.35437365048627184 4.180971733751308 -11.258893524201563 -10.0316421715551 0.10353928849292811 -0.14774836279564704 -0.37374157967971866 -10.101555954796435 163.12655217303836 500
609.6991880668587 0.48363645102393915 0.48363645102393915 -0.5056460662494314 0.7008980356414918 0.2601726943665527 -13.53029864348033 -11.465405972101369 0.48404453419090665 0.5069124748162168 1.2432641794135402 -11.46850494651751 0.7849485069367752 500
609.4735848648648 0.6046277290511263 0.6046277290511263 0.05445171664827798 -0.03714041469769652 1.6172941154939717 7.619055255882063 19.985876029266276 0.6101193452737853 0.0696106277031782 -0.055124270347172544 19.985916547203598 226.74119048811312 500
601.9128147602347 -0.6529849816949957 -0.6529849816949957 -0.6569102227074768 0.164453663793957 -2.298350000404047 -28.040686135438733 -12.304426893111273 -0.6593175686312656 -0.6758424428976909 1.8568776461814411 -12.55141725801529 168199.94725307982 500
603.0306922652132 0.12538288332861175 0.12538288332861175 -0.2462111147671228 -4.294145575940664 1.0218342578390534 11.234198518112935 -17.078620693687267 0.1254292664047792 -0.27613996236583815 -4.2956867933819565 -17.10547351895992 71.96746479777381 500
611.2762222688407 -0.8415149167746607 -0.8415149167746607 0.12622885633331812 -0.1922034618112677 -3.588366518152189 -24.80616449755227 7.618537498979209 -0.8414025762121814 0.1652916166626592 -1.9108618727229758 7.706239422387657 4475.4645286613795 500
606.7495247523937 -0.042607579107602496 -0.042607579107602496 -0.18735746199133907 -5.552098159829021 0.13885732550166568 19.047524792548646 -1.5175678298286122 -0.042024441336765764 -0.18879015789189726 -5.552926832219766 -1.5181171122379298 0.04562550506637148 500
610.2281416947129 -0.12332427605630221 -0.12332427605630221 0.310020548749611 3.0868800586423637 -2.638394125266821 9.513779052302954 16.344269907016624 -0.12556734214517504 -0.40321108806085615 3.08712473957409 16.838615416203513 9601.551273699515 500
602.8406222212823 0.5400795706372103 0.5400795706372103 0.4076685044939615 3.9930573058712175 -2.2947369430996933 -6.296232373077843 8.351997483405553 0.5411294655785338 -0.47876612038119976 4.036209773327438 9.16821181617652 77550.32123738683 500
611.0509410882786 -0.05259443274113218 -0.05259443274113218 -0.02831561399664242 3.171988038541939 -1.8133121310259424 -15.600784753211 -6.813591691543137 -0.055062039994773646 -0.030717483560283504 3.172181231060189 -6.81379442813608 0.29782181940791363 500
611.1734413655482 0.6947075227200891 0.6947075227200891 -0.053430259777922554 1.394007908033475 2.7752892415600496 21.302391042278508 -6.746369371959438 -0.6946941126125997 -0.057262617870867505 2.155011298816718 -6.746434583507264 57.03417827650241 500
607.3028556458706 0.48330550197443367 0.48330550197443367 0.00043922753751820593 2.785720788588857 0.7276955569489206 2.512307085523566 -0.022036075148644717 0.4833766531570314 0.0004392709222367022 2.7908476784490843 -0.022036075148644706 0.029496054044717866 500
614.4971376584706 -0.5352037210270805 -0.5352037210270805 0.3889079072817823 1.355469884262076 -1.683248642077368 -10.686862322317204 -21.1901117276505 -0.48045308435251116 -0.27950150184675737 1.4104314166061844 -21.201317943934317 954.1648409987731 500
604.1797791875291 0.30817188012001295 0.30817188012001295 -0.11145851528477548 -3.7877900611319872 4.314657972760692 8.159890807392426 21.05582039369707 0.3098773857516968 -0.23758401889913847 -3.7947676650788353 21.058330500838956 21.464818116945526 500
613.0485428088245 -0.7647386314579215 -0.7647386314579215 -0.4463483021246923 2.251497664660492 -0.15603227799259162 -3.538892922153427 -11.88846129761622 -0.7646722939723056 -0.44325654779102663 2.2675597805778214 -11.9114256803562 28.571967268838286 500
604.8317689164086 -0.5131969506299848 -0.5131969506299848 -0.3985389639551383 0.8259459948738584 0.5565598956340839 -3.8446390527739975 13.707111708118042 -0.5131375745628253 -0.40424288105662054 0.8767437087376564 13.740712818658858 799.0616100739788 500
612.1342462589375 0.41965082196382636 0.41965082196382636 -1.389217106131202 -2.308039924092142 3.4428212485714678 -2.8159899872956173 0.14844750720517794 0.4200347501206818 -1.395112824936198 -2.3069536590917337 0.1518157386181176 314250.0649196188 500
606.052142373788 0.04007638830894076 0.04007638830894076 -0.4508622378842276 2.530814903234109 -3.2407620870000944 -3.741946613519448 5.555498610909591 -0.04533279134848106 0.569435604540088 2.523153668162938 7.658331860214868 37739.80875352172 500
606.0490733259533 0.10018917437696455 0.10018917437696455 0.03593049291560663 -2.6760560248795335 -1.3113265281270783 -2.2417443590745116 -3.2270486572837584 0.10040946603658059 0.05863732101257112 -2.676137540261924 -3.2272019239336722 0.06245578686570115 500
605.2890084284585 -1.2500191363608217 -1.2500191363608217 -0.31033174362895316 3.479553460261728 2.1542782440694466 3.5942802493307546 -20.65994069077723 -1.250061306463321 -0.39644905724007234 3.4897447954836736 -20.663473516184336 393.8338876615988 500
612.2661843021726 0.13375310675326144 0.13375310675326144 0.50691951193546 -3.649692038149198 0.790833376695567 -14.681096404413365 -16.429755903271044 0.13830238152007293 -0.5174599894123472 -3.6525566985224405 -16.87645854213406 61.52890800572182 500
607.0269912927405 -0.15730264292605312 -0.15730264292605312 0.23408103123190432 0.7227168948294094 -5.682721714475503 9.893779091586323 -1.7462178515441185 -0.1888053027493124 0.42179430037417615 0.7341802769539462 -1.8093277412340825 9386.203741613395 500
