1 1 | -0.34446780740996547 -0.39565987626255533 -0.026122639275080763 0.38388696560444313 | -0.34450808023128077 -0.39565685783737964 -0.09711104255092959 0.5192631359996289 | 0.03339319790368961 | 97
1 2 | -0.37496893205859394 0.13159522096490067 0.2538336813235427 -0.08074866877230938 | -0.37708309181780947 0.22060215652304382 0.28611682094012075 -0.21532901371714214 | 30.48343903838375 | 105
1 3 | 0.7170563597029365 -1.159876120307971 -0.634900326487074 0.139032038207846 | 0.7168537884138875 -1.1596283654568842 -0.6340570075227857 0.5094591310150752 | 141.93670447877224 | 75
1 4 | 0.859033178363661 1.4089967583705958 0.08647895593564975 0.17470090370505797 | 0.859022499316165 1.4090094953243382 0.18157982526987018 0.29850900151333876 | 1.1241068531740048 | 73
1 5 | -0.1303889700581099 0.5721677636894671 -0.34302296275544214 -0.7337599614451094 | -0.13112865061760898 0.5721771833688918 -0.34321673392149865 -0.7342438795114398 | 0.4805171072518548 | 85
1 6 | 0.08215466630450176 -0.6692495954556553 0.11950203672367313 -0.11203002946305798 | 0.12718436347961032 -0.6691679000566586 0.14953568479995602 -0.37330814580172333 | 4.681034759688787 | 85
1 7 | -0.5475439901576186 -0.5811123985236007 0.027059647450296792 0.16305019984128363 | -0.5486560880406837 -0.5809471062180497 0.28338234170422083 0.16457072377954515 | 19.874415514245747 | 83
1 8 | -0.2673942174875125 -0.5239548131114513 -0.13598907899220683 0.12576272180394446 | -0.2674140484028598 -0.5239324349054519 -0.2967033368168312 0.1746644104960532 | 0.02043922860423724 | 409
1 9 | 0.1572574802001523 0.19108863009362015 0.16241044894214904 -0.09121973473476018 | 0.15702111539252375 0.19134292324266186 0.16357822184078205 -0.21503967839372543 | 0.007388438520372027 | 181
1 10 | -1.1831577038822203 0.11940151369960912 0.3535366970038721 -0.13478354948671972 | -1.1831576720401542 0.06357709595692837 0.5613647209585908 -0.09981541548177204 | 63.00844205076971 | 79
1 11 | 0.40725038426712595 -0.7033411685897399 -0.6403148278638976 -0.3040222287128129 | 0.4071620679870107 -0.7032354207610708 -0.6523683698346404 -0.3582464360386236 | 2.68112197468123 | 91
1 12 | 0.3291644313746728 1.0088271652946057 0.09998790214490852 -0.2316691736415996 | 0.32278656760653085 1.008827147587026 0.35441685709745624 -0.35688993251341394 | 38.154979045130744 | 219
1 13 | 0.25309063804984155 0.11264224988570959 0.9973710410145668 -0.16689628661968334 | 0.253356667391677 0.11803281580991738 1.0952533666957829 -0.22202095493186977 | 4.914895991655662 | 109
1 14 | 0.40065289090284917 -0.4280761916034721 0.44922088578651587 0.4976656487032336 | 0.40070673246659594 -0.42810507691924155 0.7074352951517447 0.7349304188173647 | 20.295450128752417 | 87
1 15 | 0.4750330358473229 0.3358469695278682 -0.11839187339800279 0.1686658340696871 | 0.4750266072351605 0.33589951038051274 -0.2754271478213849 0.4170571397244572 | 0.0013554946764898841 | 139
1 16 | 0.3457137739775085 1.2607992134906576 0.33954097957435353 0.2622080648436023 | 0.3428173715201642 1.2608075685993774 0.3581309992930647 0.38087179085973993 | 1.841329943813931 | 107
1 17 | -0.4371748294855751 -0.1192057900868315 -0.1264934095913871 -0.5326260536491139 | -0.2966153508039599 -0.10390302011366553 -0.2205804378473168 -0.5367346234770373 | 28518.422845941914 | 77
1 18 | -0.830775442259204 -0.35227333599936145 0.506696190964507 -0.4472257802351767 | -0.8307493950214716 -0.3529469022334983 0.775571407005378 -0.4495959852633406 | 23.068999448072212 | 77
1 19 | 0.007497857156341746 0.939590447713266 0.12273334574585242 0.12331342077178821 | 0.01614965651215964 0.9395904297867831 0.12360665449481141 0.38933772570565256 | 0.0003965288293789484 | 127
1 20 | -1.1205653707258423 -0.23254136571730968 0.116353550167366 0.4238261724885203 | -1.1204848385493709 -0.23239134414042947 0.22740114369162379 0.4295302726774659 | 1.8542483084088435 | 95
1 21 | 0.016263024388920504 0.3139219491704315 -0.01031529325480629 -0.0316423518550755 | 0.0191773725420962 0.3139219619508937 -0.013882541668507647 -0.49990451549473996 | 0.00024948718247316706 | 361
1 22 | 0.7312945818427337 1.8528994769246199 0.25100572039051744 -0.0987929623243407 | 0.7313390265541329 1.852900284749876 0.37372190628496693 -0.2234468879660574 | 2.042442130444522 | 77
1 23 | -0.9669063650497454 -0.3476744383483351 -0.09294307079215955 0.5985800184137765 | -0.9666207005597137 -0.3476687432698131 -0.11431779029545834 0.8114294296324875 | 1.6491006591889046 | 103
1 24 | 0.7058895848152456 -0.7914174280630926 0.01588145026733069 0.06787793070559492 | 0.7058425095726223 -0.7914464600238558 -0.22273276066573375 0.11265014736060683 | 0.43919957136854754 | 123
1 25 | -0.1205940608352468 0.09581323390981704 0.3309310829614553 -0.23750589048123316 | -0.1491753437102814 0.13555884217082456 0.34122486546189307 -0.2546826355643486 | 33.95821490389973 | 89
1 26 | 0.34111307685131204 -0.3576627000640103 -0.5857118027945973 -0.11985890162411558 | 0.3411486349735187 -0.35885029120257267 -0.5851618552304543 -0.29754398399595405 | 0.4327075616872822 | 99
1 27 | -0.039327083709603035 0.8460248171542382 -0.6865174835204062 0.028669712839692902 | -0.039283077494760676 0.8460091844735074 -0.6976458139783869 0.03321592301113215 | 0.007678808694745512 | 151
1 28 | 0.8980369175645185 -0.9042074941980368 0.1014360304526611 0.14638529133296993 | 0.8978670472798274 -0.9042038581558981 0.18240159730221234 0.7046092188992529 | 5.287503431140616 | 107
1 29 | -0.2431590178438933 0.9015787753057145 -0.5722688404356373 -0.05164086859108742 | -0.24298911236579016 0.901927295149636 -0.5924729477621024 -0.14409841990783565 | 7.737956351365687 | 103
1 30 | -0.8125151517980019 -0.42956775387271684 -0.20838050540816577 -0.1266227279664745 | -0.8125211561564526 -0.4295872940599002 -0.23981690311821136 -0.1770788228550306 | 0.040254921690973194 | 87
1 31 | -0.5005929516044395 -0.8372323950979961 -0.49297343829087015 -0.5760897688693553 | -0.5005814446655454 -0.8372515873099404 -0.5154858273297699 -0.6657367266924069 | 1.3020025655048049 | 93
1 32 | -0.08546285104652132 -0.03725210555075129 0.12082312256903088 -0.04409165272521055 | -0.16733501345617974 -0.03739784627457634 0.18198863111491936 -0.04419509074078237 | 9.35640883505506 | 91
1 33 | 0.7556396914556107 -0.17549262025242748 0.6229830825316867 -0.6687750529657907 | 0.7549712526555283 -0.17277625903848695 0.6202895984195854 -0.7967748741487378 | 178.37539200182044 | 119
1 34 | 0.723669424029033 1.1866856317556929 0.32166977197098273 -0.336364161656656 | 0.7236350961011061 1.1866844386581954 0.3481106021313207 -0.33637360852051457 | 1.9459366075495108 | 95
1 35 | -0.06836353924800301 -0.38801496961340043 0.07565604317466805 0.1324548534041424 | -0.13191346360509432 -0.3879901881004959 0.14362078358838287 0.2081262803635015 | 0.4528785932071631 | 105
1 36 | -1.4003842562232758 -0.5764378280739751 0.3329161267597738 0.08348675355387858 | -1.4004005925863978 -0.5764253178398342 0.3948252286174921 0.16680486154651575 | 0.6185343760167282 | 83
1 37 | -0.13675520939422947 0.5664341361553777 -0.4049417032810108 0.06537451372727053 | -0.1364452810090344 0.5666278893718192 -0.7072214453719119 0.451486365162639 | 0.28062603548989784 | 999
1 38 | -0.5927103757597061 -0.2750444917854384 0.15209798967316268 -0.6690305534233998 | -0.5925334356700841 -0.2749431713434653 0.2298892740176125 -0.6689201985078363 | 2.015353452866475 | 101
1 39 | -0.28238848601623223 -0.7369333984196474 -0.24989948372988374 -0.1715581180808082 | -0.2915509057703175 -0.7370758937957189 -0.2883764564227759 -0.43937242794481907 | 65.56185902136035 | 93
1 40 | -0.9670758975704158 0.7000512542821248 -0.17479563792387437 -0.3787329714566313 | -0.9672098909743116 0.7004690003431738 -0.3092253812880971 -0.37837197529588185 | 36.774415966213276 | 85
1 41 | 0.40187658453900915 0.61297525178614 0.17681854660086277 0.4653059876026826 | 0.40267320298748854 0.6133237080543924 0.4460193593772433 0.4687445936572261 | 6.014426376578203 | 89
1 42 | 0.18236078389980495 0.881489991503602 -0.32875764579812866 -0.14062900394633318 | 0.18350911018829358 0.8816369251492161 -0.3288522695188089 -0.4128877124266075 | 3.9729701068793624 | 75
1 43 | -0.28688579432250405 -0.013272086504425337 -0.018010843787682435 0.3866129626031978 | -0.2869244059649592 -0.0139208232966046 -0.06312759712128954 0.3866286712423934 | 0.00037493807347931845 | 129
1 44 | -0.8439900300069618 0.2706789853612423 -0.10256309138770663 -0.3700519987558185 | -0.8439952543058894 0.27031135423043046 -0.1244210217780202 -0.37458428929353393 | 0.06620355511745041 | 105
1 45 | -0.42477236385586375 -0.19508512111347748 0.12198607189975742 0.23036570680870758 | -0.42476114699067535 -0.19519146520424419 0.18670494764076456 0.2563418800493886 | 0.02454299550846068 | 109
1 46 | -1.4914152637929052 0.6195480715438592 0.23983431382579687 -0.6831976499218545 | -1.4913126797614824 0.6198025741175279 0.7168624789461084 -0.7080902368132979 | 125.68105453669 | 79
1 47 | -0.23212451724217972 0.5600922550303241 -0.37922352407459675 0.22358339706806335 | -0.23213137117999716 0.5600956884267191 -0.49232458028262155 0.2293911733291591 | 0.1056675283880549 | 99
1 48 | -0.10564659342927754 0.5638238525738564 -0.23317117267062262 -0.5341674486392256 | -0.11584643111634599 0.5637861289188864 -0.2315613713595003 -0.533805548851473 | 3.31466619329926 | 111
1 49 | 0.5331021116764496 -0.5919288143950664 0.2585403112139431 -0.22915896436063463 | 0.5351890758031899 -0.5917740821171334 0.2621478855054414 -0.43593433043904595 | 82.82945833692892 | 73
1 50 | -0.14516237379873007 0.026546032544845943 -0.3543557214236619 -0.2417223966724785 | -0.14516533613726482 0.01965724549745089 -0.47867445655861507 -0.2419686443557872 | 0.015173838691143934 | 105
1 51 | 0.43976946229385827 0.10185888446743858 0.5301957837973404 0.48859711632390723 | 0.43977944384613726 0.10163450744627299 0.5314077219128441 0.5264106958093911 | 0.08660663700505827 | 121
1 52 | 0.24061398332998196 -0.17228922025313487 0.14095454169008828 -0.24654398375434752 | 0.24063761111465554 -0.17228884875764672 0.20740675964745667 -0.28172532191926375 | 0.0027338671279784196 | 105
1 53 | -0.39413074892895644 0.8598177840286785 0.13912687479336608 0.02271757933705828 | -0.39411571226186903 0.8598188177873485 0.17712426972654916 0.053549995762193256 | 0.00876576644497926 | 91
1 54 | -0.9518785661543276 -0.2544070063461054 -0.38123918601171897 -0.49101936652570366 | -0.9518819262111231 -0.25440792224918846 -0.40404191447652926 -0.5591985887304778 | 0.08221996616964128 | 101
1 55 | 0.06391295168934932 0.011316728613092786 -0.23445540086928596 0.4902508239266535 | 0.04708240786890366 0.01081529067195866 -0.2321135709733809 0.49025648952666234 | 26.032307195696855 | 93
1 56 | 0.4902661415872093 -0.04505294050860735 0.21172556425139702 0.44631068747222746 | 0.48976621126252085 -0.045413405250120796 0.2374895718371554 0.5882735218656978 | 0.5207842937700445 | 127
1 57 | -1.787254830760283 0.0672129686119846 -0.23190738040038208 -0.18543369207624805 | -1.7872406153977782 0.07336799342717785 -0.5101629040632419 -0.1871533146353953 | 1.8982014229399495 | 83
1 58 | -0.15266078139440403 0.5098917970586919 0.3176724013963869 -0.6255170608953066 | -0.16230417133083205 0.5098540288343324 0.4051171761856586 -0.6824949051333743 | 15.292267588010983 | 111
1 59 | -0.07938089524965963 -1.1961621064208983 -0.7586892196305043 -0.24603472260969345 | -0.07932199148274466 -1.1962257833648922 -0.7586497439723314 -0.4243419346405856 | 4.462026673021046 | 75
1 60 | 0.5525517019767341 0.2607045900329669 -0.14652954718317893 0.44269489633858183 | 0.5532618786822778 0.261016637860999 -0.2526043512138035 0.5706131027470468 | 9.269921698901548 | 93
1 61 | 0.2725607347151219 -0.06029891505498069 -0.1394012346831249 -0.2733983247578187 | 0.2725588699191999 -0.06029846298052109 -0.24419163459074075 -0.47105675858802043 | 4.260596406575333e-06 | 149
1 62 | -1.9699819126064024 0.09770066204361415 0.5490762803505005 0.09442228760336109 | -1.9699737197211986 0.16475128325175356 0.5710618383792897 0.21727903573304289 | 3.5863495537338252 | 103
1 63 | 0.2550966661884033 0.5756200090173018 -0.5073256316712988 0.5104986274216126 | 0.25505459853723234 0.5755882356097746 -0.7252929583664683 0.5273328638111022 | 1.8462851818766708 | 103
1 64 | -0.18021325443748934 -0.05256264156687552 0.11573227073148946 -0.8196863811798626 | -0.18024000018237135 -0.05256402028968785 0.17285909858682863 -1.1976600799319859 | 4.573310383678079e-06 | 145
1 65 | -0.7176604162584383 0.5983593535168218 -0.12819510785074 0.24779945762212385 | -0.7283956885334789 0.6338226185083946 -0.1615463948855733 0.30356034358040107 | 44765.566411855965 | 65
1 66 | 0.6848612496758045 0.4582233991960858 -0.09612889607558356 0.004201928746108316 | 0.24174355810027326 0.23592438771286356 0.04140790974777367 -0.04954715990171679 | 941086.0213128793 | 65
1 67 | 0.24811226690380817 0.2661959615200238 -0.2618302551448261 -0.1437240878735003 | 0.24827766403580842 0.2665250754729165 -0.8667896775687232 -0.6163813933453051 | 2.434605207295238 | 455
1 68 | 0.5091693000788591 -0.5357651506730582 -0.14621649624002697 0.195005385639959 | 0.5090565033810163 -0.5359047527111852 -0.15506567058154705 0.2709623286160529 | 0.5204577248747717 | 89
1 69 | 0.22979909295107687 0.3181553442816152 -0.03251903667146255 -0.3378166633035337 | 0.2299022931656726 0.318258988648261 -0.06802821997211828 -0.3707834052313952 | 0.037350224690035946 | 113
1 70 | 0.08814098176983134 0.8279932241358838 0.15070117890235876 -0.6079336230574665 | 0.05342211129666696 0.8279929102605669 0.36065269735120403 -0.6345399974482583 | 0.1997046356143504 | 149
1 71 | -0.5003567859021633 1.1849689242835304 0.13731104322426407 0.06867487488228896 | -0.5005614598776094 1.1849310669831132 0.23115899474839974 -0.25550310847493907 | 2.3646784311431785 | 155
1 72 | 0.30345061028973414 -1.0978721156163802 0.13180972342451536 -0.229754751435526 | 0.30557648341898397 -1.0978718563179395 0.4012925241742252 -0.5203555531101767 | 0.3945030004754121 | 145
1 73 | -1.0216856413872804 0.16617699482995796 -0.10200753189511771 -0.1855964069718587 | -1.021686763015421 0.16150719880524605 -0.10411757969424618 -0.2104874837476543 | 0.07832701943168285 | 131
1 74 | -0.2275690353919818 -0.5443122405168557 -0.24857600965344034 0.16077070964816018 | -0.23165327923482015 -0.5448070982782095 -0.25124253187350015 0.342262076409853 | 1.882293594015751 | 83
1 75 | -0.3409442830775567 -0.8026644568470258 -0.061220196598473636 0.36696896578531885 | -0.34062648464530204 -0.802748399218961 -0.2154891272396144 0.500950706892132 | 22.506645657237243 | 89
1 76 | 0.75696757164359 0.6561494845133883 0.2577179533605985 0.4593484197623562 | 0.7569135274426523 0.6561697413686806 0.28737925804462094 0.5592451043294375 | 13.247025378304286 | 89
1 77 | -0.3259287560772121 -0.3692694289280338 -0.2083958741002999 0.38387059940662555 | -0.326365242429266 -0.3689757500985251 -0.2081347841055918 0.3993574473634459 | 0.0948910176757217 | 117
1 78 | 0.8514318532398083 0.23930232666129397 -0.22162596255272524 0.3831035368635909 | 0.8512860381314025 0.23766001612953866 -0.3692902301784396 0.4038543030306849 | 1.7983255099940605 | 117
1 79 | -0.15875078368735615 0.20508876396585202 0.12107835289441285 -0.7019693368242393 | -0.15863330135589376 0.2050807379062058 0.19482527405487543 -0.7023795140192498 | 0.004236125817895174 | 119
1 80 | 0.23657204632185072 -0.6216469765916186 0.10055851194928649 0.1677802868373746 | 0.2359970382123017 -0.6216500857684194 0.29325960659453804 0.6340631782496161 | 0.022355134827332663 | 857
1 81 | 0.19277669879124273 0.9285286691620547 -0.21523341961187734 -0.31766499082638566 | 0.19382417726045545 0.9287371015546324 -0.3611707349466698 -0.3195712211968693 | 9.508118522351012 | 101
1 82 | -0.41267863219545076 0.10569734324915629 0.38191086572896954 0.6285093597491573 | -0.41267730421345394 0.1056880298858593 0.3819307258242666 0.6339562055362566 | 0.0043801309549889155 | 121
1 83 | -0.4953707965476469 1.3086678689193407 -0.23878626721305352 0.3821211817175072 | -0.4972813091027317 1.3086925112280774 -0.3299447654063936 0.6634674176202617 | 109.064482858279 | 83
1 84 | -0.17563975045067548 -0.255072637221794 0.22155167897208725 -0.3431296398820968 | -0.1753753285479813 -0.25507919428453457 0.38007141608381884 -0.7696299114689553 | 0.005691248274322682 | 291
1 85 | 0.3209480769110135 0.8226545572549749 0.027675799185966424 -0.23429146422145877 | 0.33628403848916216 0.8226567172669433 0.3185684255345709 -0.5417814958803823 | 3.719468953369493 | 121
1 86 | 0.0329826790978466 -0.33203732076125864 -0.001399950408742717 0.6022881374619785 | 0.00043111118519432214 -0.3320383260510303 -0.004687154085478518 0.6122241179506142 | 2.8511467948605724 | 137
1 87 | 1.445989763016131 -0.41172008877114297 0.3875717865819723 0.3135448173222171 | 1.4459278719822855 -0.4109322107149965 0.4530486048006988 0.6744930492650045 | 127.54582414301498 | 83
1 88 | -0.5651633101123278 0.40547108471222976 -0.6406300448532364 0.07971010770075133 | -0.5652365368340065 0.40586925351477543 -0.7139771776677789 0.4116777911799342 | 35.69754286296063 | 89
1 89 | 0.30912591800493916 -0.11658520599782358 0.2309403916425475 0.21653699451624958 | 0.21815407348709004 -0.11864996492768248 0.25445836714173137 0.2174244105428079 | 3101.2312609763117 | 81
1 90 | 0.4459684269041356 0.14629100582278154 0.09838213098300043 -0.23561687804494869 | 0.4459680821947201 0.14468835936126384 0.13230758691993869 -0.2439350633361599 | 0.04962643583839134 | 131
1 91 | 0.39549137300379583 1.0905568213594548 -0.49076023992815526 0.2963991839007821 | 0.395499264327735 1.0903839736848862 -0.4884901848720135 0.3648338536508148 | 13.883589970311238 | 101
1 92 | -1.0161564106775467 -0.05102920773419981 0.15601856577973366 -0.1888626044270463 | -1.0161302701512978 -0.03725076311726806 0.259516262644014 -0.2657815286046595 | 0.04332035608835784 | 137
1 93 | -0.5351962134386884 -0.5263778650645724 0.3747515386018984 -0.05497940458320107 | -0.4812267177432606 -0.48950997688571674 0.4056969229969194 0.10616244108601824 | 112090.526221891 | 59
1 94 | 0.110092070161843 -0.11533950382134806 -0.04729955885070336 -0.37318783602796785 | 0.2202073143888852 -0.12515910288343718 -0.174348548643531 -0.40288568740095626 | 53.57082854491802 | 103
1 95 | -0.15476387907567407 -0.29717722645302624 -0.20073159536113946 -0.06051906439568679 | -0.16057607009884747 -0.2970112221563599 -0.20854755025590463 -0.3087087887441613 | 0.12351731317392042 | 249
1 96 | 0.628890606550678 0.05589141997432926 0.15183173193124377 0.1347067932971583 | 0.6289229522288925 0.0896809107841697 0.46937410615170344 0.1523596250387896 | 0.25223380757778413 | 97
1 97 | -0.5769984376987132 -0.21366059340804022 -0.07960752251467054 0.09491066354892705 | -0.5770629599621623 -0.22714465314752397 -0.6934801972495195 0.2879018945224063 | 1.744846133267469 | 999
1 98 | 0.3025932994722797 0.4523506732879959 -0.1405418877866472 -0.6542689595864148 | 0.3028165488486671 0.45229202245198763 -0.4850047850800022 -0.6599798199049495 | 3.1862817364763094 | 157
1 99 | 0.7989230898612324 -0.5963989885273269 0.27107169592252284 -0.5222764177811298 | 0.7988127612513782 -0.5959263017910986 0.7645079034864029 -0.5299583556285976 | 49.745010204834436 | 121
1 100 | 0.3701891086976344 -0.9691472852671394 -0.4402935475241131 -0.593395397567114 | 0.3701507053287469 -0.9691773788670901 -0.5581892818371685 -0.6026158759217154 | 22.23408314009508 | 101
1 101 | 0.2185865527251522 -0.014428390711127994 -0.027345986804924557 0.2661335472535655 | 0.22364118724701446 -0.01428294158308841 0.13958425435124014 0.2661422024073891 | 21.77661023547938 | 67
1 102 | 0.19440111767018342 0.7950647724920894 0.10305508951720238 0.05173159634817931 | 0.18889692235531302 0.789076572107451 0.108682168993576 0.05093332453131638 | 14537338.885289134 | 59
1 103 | 0.5561704270730609 -0.3322743475732171 0.03464537380571897 0.3012932507774013 | 0.5561720501455043 -0.3322803271443384 0.04139384245366281 0.3850010474219801 | 0.00025775060425564997 | 111
1 104 | -0.388090493670301 -0.9881928321848249 -0.5053525824523731 -0.025554428264369048 | -0.3880983393694706 -0.987970305429873 -0.7179270626831632 0.12845621873287602 | 3.7144193967832573 | 215
1 105 | 0.18409656766349752 0.3878335522308096 -0.32378752641554864 0.5829457370978753 | 0.18405528451051884 0.38781844906795443 -0.41848082142641163 0.6130419286345404 | 0.04199297232992187 | 103
1 106 | -0.244588555677017 -0.09795566715650102 -0.5449610353226373 -0.015440828702491973 | -0.24458927203125674 -0.1396302659752592 -0.5572261463631947 -0.13645135134991612 | 0.6628397428350917 | 105
1 107 | 0.5172153391055959 0.8123627106886387 -0.15060369430276163 -0.6394662388458504 | 0.5171277654173005 0.8123695315769337 -0.1907941118597191 -0.7288377577857901 | 1.3948735452981569 | 89
1 108 | -0.3123032681332459 0.32950042996267875 0.22595054879308363 0.6474594074927952 | -0.31031392255296847 0.32960032839523523 0.3040392386517158 0.6898876339255853 | 1.428557843140302 | 109
1 109 | 0.0326650244631911 0.2566828933159271 -0.16833647276283417 0.3675465930659958 | 0.030031388149930456 0.25650821621029274 -0.32488857386391495 0.38483792781425274 | 0.004266665115119788 | 161
1 110 | -0.8715433616937747 0.13914475889089495 0.2797146413304192 -0.5679810813114922 | -0.8709678289442974 0.13941479698510006 0.3330434076247631 -0.6618860014286106 | 4.841776496332915 | 109
1 111 | -0.8328982680582564 0.17806874178882562 0.04294542802047947 0.5633660884736923 | -0.8333449727296033 0.1776004409682817 0.1607909381020879 0.5637439243155524 | 5.2147998871334185 | 84
1 112 | -0.2706461657501587 0.2636587972600078 0.14700165332774168 0.2267768348305191 | -0.12723510677097852 0.2513351519350915 0.05404044255077657 0.2498920408445137 | 5140.253294564545 | 85
1 113 | -0.6971190540394842 -0.8214995732986026 -0.2627465968603886 -0.01852373867751739 | -0.6972663035580998 -0.8215093859510495 -0.39950376801299203 -0.10918538352860312 | 1.1624474363748827 | 89
1 114 | 0.15373713402945244 0.7007490417959695 -0.5337900283534093 0.20632668908403765 | 0.15380475457339035 0.7006637897189685 -0.8179894619902247 0.6390874520757823 | 5.172108359545769 | 343
1 115 | 0.028356320168147674 -0.34800684267626547 -0.13623352927443405 -0.1262509422045364 | 0.028540373677661227 -0.34800540207335473 -0.2075629392534028 -0.1851355073450488 | 1.2567944481691124e-06 | 165
1 116 | 0.19257821435067962 -1.506327495928452 -0.1056660023658855 0.34011299020463553 | 0.19169873063510118 -1.5063311219258804 -0.2041619301909168 0.617586253846475 | 1.2898603135842408 | 109
1 117 | 0.7491106914090601 0.17755234133534012 -0.223001398356178 0.18284904434184476 | 0.7492013748997935 0.1756576996145932 -0.4818991019497928 0.4157727399540608 | 0.8502296632982826 | 139
1 118 | 1.1117694775402003 0.755619656922463 0.7095260750622435 -0.2586225412856584 | 1.1117764537078476 0.7556515733823694 0.7367054620121977 -0.2841159347166745 | 4.9200581160072305 | 89
1 119 | -0.7397339645761578 -1.1343675765727577 0.11818143656862067 0.824774020094546 | -0.7389282413475206 -1.1344923820050867 0.2988060868867029 0.8707721913826572 | 206.6153151928604 | 77
1 120 | -0.8659869179946099 -1.0809891607648887 -0.14013897988657195 -0.2336057235774246 | -0.8659866424087987 -1.0809896321301145 -0.1595379115329305 -0.26686388178162523 | 0.00035753993547952043 | 77
1 121 | 0.7674695250659239 -0.4008236766953444 0.19465718465759013 0.23777382515714027 | 0.7675363688455871 -0.39945927167573486 0.5035924784919601 0.4398827198084578 | 5.206464425051035 | 93
1 122 | -1.1750258791325934 -0.5997186891143605 0.09918453339671586 0.21551593422735413 | -1.175013538592787 -0.5994216324530882 0.2879581480104766 0.2327554023658239 | 6.1203776940876295 | 93
1 123 | -0.14577413760372807 -0.19210881702090468 0.0882041936910862 0.06469958203256192 | -0.21432926419133094 -0.21314035201056536 0.17505324296682698 0.20671376165150504 | 747.723429097119 | 93
1 124 | 0.39198272788792365 -0.25564313896180996 0.19388261122191955 -0.0977587111153562 | 0.39189843814232617 -0.25534655924207394 0.2125205649940934 -0.2623162257178574 | 0.2089927603965448 | 133
1 125 | -0.03619216433225996 -0.23862112257371082 0.5703064554706814 -0.11934884398813542 | -0.03521493146905257 -0.23848245508417035 0.5707814506435053 -0.3062363456125197 | 0.013659125189957563 | 545
1 126 | -1.0796654865524438 0.287031412529442 0.5464825747806485 0.23415963107594517 | -1.0796086724185567 0.23658920903202021 0.5470834572612834 0.19372398505219302 | 648712.5476668052 | 77
1 127 | 0.220962483648132 -0.09022148999029937 -0.13760732732853206 -0.05759942006083512 | 0.2208320298790106 -0.144060879776364 -0.1819298207792282 -0.20859010099876513 | 0.9894300113408315 | 211
1 128 | -0.7524440773821189 0.290792533396764 -0.16418699133877032 0.02566767673148014 | -0.753117409295196 0.28251379881616184 -0.7908642433599362 -0.24187554301030442 | 31042.957473218637 | 151
1 129 | -1.094846341341524 -0.5829203784965501 0.6254344664049237 0.04193810753243424 | -1.0948408042027304 -0.5829508948853694 0.7760544781090184 0.046940221588627644 | 2.1587908766784913 | 89
1 130 | -0.9660063662592802 0.15375991254645147 0.29733765636099213 -0.09046847457647714 | -0.9660013333391869 0.152827995706192 0.37071381614764487 -0.1626642578065371 | 0.014438627740630965 | 131
1 131 | 0.9390032645424716 -1.0318303385828644 -0.25559615609152225 -0.14627252664442686 | 0.9389843158426905 -1.031769420105988 -0.3997368138417022 -0.1842432635199591 | 4.798894175418155 | 77
1 132 | 1.0464110357565677 -0.031363863495228184 0.3666262606309406 0.44936135835582375 | 1.046401181541593 -0.03160483431653475 0.6675401453802339 0.5250829042892552 | 0.07810576219571025 | 131
1 133 | -0.7270372802265901 -0.24293215645030608 0.30546956656824625 -0.021780280181461966 | -0.7270424779405957 -0.24398291826605 0.3426943787205175 -0.17258239604416792 | 1.0039343635257234 | 131
1 134 | 0.2935317706908435 -0.2917385459657234 0.5046270819722602 -0.05549241700585648 | 0.2935058072220113 -0.29290001707075547 0.6723099933282622 -0.059663897129292355 | 0.5037117016111404 | 97
1 135 | 0.38601713386648007 -0.44456852842193617 -0.30345973595442305 -0.6064125659057862 | 0.3860386175000804 -0.444612454585209 -0.5924566652931976 -0.6616429755114464 | 43.483754313264654 | 97
1 136 | 0.23612873171388474 0.10248607946412432 0.11518890237000953 -0.4287544931034964 | 0.23652597811112674 0.1024846462376339 0.1557214062182777 -0.8190157370667359 | 0.0019257687986680098 | 193
1 137 | 0.2358121868148885 -0.153557316815137 -0.2616460583723809 0.45530986685103997 | 0.23497755972164108 -0.15358673792831556 -0.28467533178384496 0.5596306367070735 | 0.05134186947264936 | 121
1 138 | 0.9155411677183309 0.42273716423139224 0.4793858590980474 0.11535896735481056 | 0.9156344920686486 0.42181942498130265 0.49612339837962394 0.2908938855143968 | 14.769405245716348 | 89
1 139 | -0.3978689673754275 0.1624068322111257 0.20020788300348724 0.014438565711341741 | -0.3979142973222432 0.162200393830228 0.22437068259095982 0.10826671793102723 | 0.0295876499775805 | 249
1 140 | 0.16782582043341404 -0.6740850080732057 0.47513725418624314 0.2591477591218717 | 0.1685975151643493 -0.675152154180969 0.5565789213416926 0.37167796336904263 | 18.862555642212108 | 91
1 141 | -0.7215517947830136 -0.20594035787669832 -0.2599975562181575 -0.19171662163348224 | -0.721917492481487 -0.19816192826818704 -0.5474600336425614 -0.36847053661983065 | 51.561167925158585 | 93
1 142 | 0.5114779056142356 -0.08553986116503812 -0.37638862011385377 -0.5504718012009204 | 0.5114939341407166 -0.08569520069508718 -0.48394142285524094 -0.6124023390504724 | 0.19623307741171991 | 109
1 143 | -0.8416062813269077 -0.5249333253405292 -0.039803985612081295 0.010637943992439461 | -0.8415881828620553 -0.5250273969320548 -0.1701048751078523 0.25980280359049274 | 0.2923251038160354 | 159
1 144 | 0.37614834132356845 0.38215831453269655 -0.05729677152061088 -0.1081170757315068 | 0.3763012106882844 0.3819208094003114 -0.06495952679766645 -0.19676898770087764 | 0.3432796121925571 | 95
1 145 | 0.3487560495892046 -1.006045010202137 -0.17465384886427737 -0.2564897965248273 | 0.34857847803799896 -1.0060658156521016 -0.17667060014525873 -0.29608532268814497 | 1.4430360321395113 | 87
1 146 | 1.0757017574285277 -0.04529940823101133 -0.11065761622687195 -0.10713262711860969 | 1.0757022640125655 -0.05431138470353482 -0.27930477612805965 -0.19870845550409838 | 0.0030158817385316796 | 135
1 147 | 0.039301856659550646 1.005764125193448 -0.20686543184337391 0.19649525897588685 | 0.04218379876649382 1.0057860652030388 -0.25122764528860964 0.19808512609281612 | 2.004322053366332 | 123
1 148 | -0.34844903904414765 -0.5292508445637201 0.030397209121126312 0.27059766443804656 | -0.34947729366729996 -0.5292515660166349 0.16924924785897386 0.43480604519164057 | 0.46554692219309957 | 99
1 149 | -0.06210977383992533 -0.15980848999947334 0.3671596329032358 0.04444616105703007 | -0.061866615746603563 -0.16007123455917543 0.40185495999323734 0.12613459687953724 | 0.002336661365852605 | 999
1 150 | -1.3312421745398053 -0.7196866087061928 0.16432535417822072 -0.19534871055644998 | -1.3312237864117122 -0.7196481752957051 0.7102713909018888 -0.20897204119287507 | 30.904241580045372 | 79
1 151 | -1.1153184638475062 -0.06746864717697477 0.2312047230819252 0.025143838279711315 | -1.1152976497626346 -0.14225885750828832 0.5068523586067274 0.14082394703756745 | 12.89083733047476 | 95
1 152 | -0.22191997256229354 0.6588726640447516 -0.07547004292911565 0.09228334911479227 | -0.22185937421992538 0.6588754001049278 -0.09181742324912423 0.10575569409768837 | 0.11859235506041882 | 109
1 153 | -0.6202710852041723 -0.17057739475273248 0.16080576204265204 0.05460828324999983 | -0.6202694707081441 -0.17052328113982632 0.5194675556213586 0.5409571671782585 | 0.06625446125042114 | 523
1 154 | -0.2384088179104297 0.016147453961900156 -0.48881887932361057 0.2739031304767443 | -0.23840187613898067 0.01866418194150098 -0.7538395515300893 0.27407468724796696 | 0.033786490304193555 | 105
1 155 | 0.6156966037273773 0.2896432533953136 -0.2887057395533037 0.38141988872773613 | 0.6157311086823845 0.2899793348799033 -0.6421518589729726 0.5628062629681192 | 3.5509313656814037 | 153
1 156 | -0.4874024374423757 -0.6446559212069027 0.43134001007010175 0.05592205871036226 | -0.4873875770349862 -0.6446547897931368 0.6346205579282185 0.2432414260593051 | 1.104097988030369 | 93
1 157 | -1.0427855195652032 -0.022730803689888196 -0.07262079864544625 0.10598148588611175 | -1.0427855577729173 -0.021621585470463403 -0.12251207734719677 0.23710369026070324 | 2.3996566759797346e-05 | 159
1 158 | -0.20681119497466538 -0.48796898667883265 0.2744693256809482 0.13001579084510348 | -0.20681119497466538 -0.48796898667883265 0.2744693256809482 0.13001579084510348 | 4778072.221917962 | 57
1 159 | -1.254243737347048 -0.4492158751260759 -0.1238501127511909 -0.0827071075248229 | -1.1169509207759143 -0.4513934496384769 0.45372837967585833 -0.08543603916331646 | 193512.05618164747 | 61
1 160 | 1.4184282855017945 -0.14588125927787857 0.05892478618663206 0.044516209026617334 | 1.4184279248087006 -0.1459484200469625 -0.24013925086931845 0.09561537231588861 | 0.02607108617648598 | 103
1 161 | -0.10071355762010731 0.3288121933123014 -0.26031461390309757 -0.42010822284596555 | -0.10059811595696168 0.3287748665418892 -0.41702779352502756 -0.4420748425208407 | 0.04228154828794328 | 137
1 162 | -0.7359921847683177 -0.25130558906953837 -0.010844317041393808 -0.09146454727819903 | -0.7359921847683177 -0.25130558906953837 -0.010844317041393808 -0.09146454727819903 | 9103951.28951938 | 57
1 163 | -0.2557571497151655 0.011876011499786693 0.28040668056053075 0.08623252093955211 | -0.2558678252815685 0.027963478556990804 0.3149139009447245 0.09719372605011888 | 0.005181358133025067 | 117
1 164 | -1.7055640571839374 -0.29044610253479575 0.29594120346606656 0.3472356217889896 | -1.7055750927092792 -0.2900715111326851 0.30460218127779687 0.42756903634485366 | 1.183582103836434 | 97
1 165 | -1.2164439480393052 0.3478186192712211 -0.021692298469635475 1.1337592665659935 | -1.2161411045967658 0.3478649919345742 0.11541885691466015 1.1653749107194193 | 51.89527838197479 | 239
1 166 | -0.09376576326067276 -0.07980909416076085 -0.1555343097451124 -0.2229959430937648 | -0.09207459423764543 -0.07999885038212633 -0.20005248602432954 -0.40116183809950284 | 0.0006086656618479923 | 133
1 167 | 1.171229485078239 0.35025984209471656 -0.05532682387277932 -0.16617505791912246 | 1.1711950289215027 0.3514081923388164 0.21196292433348304 -0.16745505960690665 | 9.600653828622754 | 81
1 168 | 1.1293079028053883 0.27896079023644826 0.14933612817692657 0.010819053847809684 | 1.1293204138023671 0.28170489017194306 0.3018805681885837 0.1336818158955538 | 0.6427486326819221 | 127
1 169 | -0.9173885590359573 -0.3027225802299582 0.26184359164469195 0.430328035537266 | -0.9173860653323083 -0.30270356809189264 0.3218837726601904 0.5427133975020387 | 0.0254925986219755 | 105
1 170 | -0.4083208194589741 -0.6127648232162286 0.007487704434479908 -0.21194049562126535 | -0.2945748452629256 -0.6131032272215834 0.15912177319480178 -0.21465108017030493 | 26317.08694516468 | 85
1 171 | 0.24340506850217836 -0.5521620371752145 0.017541121763324334 -0.17141160652226384 | 0.29223321627064935 -0.552205660899239 0.2823067838003342 -0.33089821071975467 | 7.674556609582472 | 129
1 172 | -0.21275237425443044 0.7569438730563277 -0.15213212706573995 -0.3342448264692735 | -0.2199859786324384 0.756910308184651 -0.3127408566870485 -0.7455304092277972 | 6.51234576235602 | 109
1 173 | 0.6445239315527826 0.3045497052194316 0.06840890977722737 0.3231987102692612 | 0.5833979284430731 0.2803480016814431 -0.16681220745704994 0.3252869601673759 | 73759.08226531443 | 59
1 174 | 0.026229437481693554 0.3398967340961198 -0.039867447310056044 -0.131275695122533 | 0.026141454686147883 0.30929942976677416 -0.03962392932064404 0.3147364636155066 | 51150.58919824804 | 71
1 175 | 0.07439804084531106 -0.5358220436124479 -0.03771460838707317 -0.3337329759737853 | 0.07404234974664395 -0.5358231416931741 -0.1198102040109074 -0.6561313644165795 | 0.0008309529869200887 | 153
1 176 | 1.3605292335446857 -0.8677144173065707 -0.15286567345434066 -0.2516668060268776 | 1.3606026124203436 -0.8671938222759934 0.45760989742789254 -0.2548931551471677 | 109.34460241982036 | 105
1 177 | -0.9534252909164602 -0.6211865011811676 -0.1357279414424887 0.41484932667817237 | -0.9538480057240926 -0.6206890902886197 -0.2667417510463794 0.44135721784955706 | 600.1195290758171 | 87
1 178 | 0.9230305660744714 0.7734892452239924 -0.05307216416768085 -0.13116883620054745 | 0.9747035895862614 0.7734420995127285 0.16716282703549673 -0.13163171657111264 | 62125.963040939736 | 61
1 179 | 0.2522328867138778 0.8307221913933148 0.021196860277713506 0.0016097086909825618 | 0.25223028794460667 0.8307220627966048 0.3576583298527427 0.012969927899474345 | 2.256947454311998e-05 | 941
1 180 | 1.2375939382534926 0.3115957324736483 0.08469162119063181 -0.4097751788850047 | 1.2376031540486327 0.31162248219134847 0.11103691246980678 -0.4606550452053855 | 0.0433767861214857 | 97
1 181 | 1.0733493197070456 0.09928918913977275 0.11246534355223528 0.5559793898790422 | 1.0736061538537607 0.09941121850948502 0.18825943646180085 0.6406403883897296 | 0.3803306755326056 | 107
1 182 | -0.4782701228780224 0.4638062779813311 0.4644569937401359 -0.2392636216682823 | -0.4781176174445042 0.46511716427706196 0.5132974982386248 -0.29992405958220486 | 23.055503602611545 | 77
1 183 | -0.3333779619455462 0.8840898146845898 -0.24333832162962643 0.7511684794786508 | -0.33332177249568073 0.8840851576486402 -0.24374891827790146 0.7513717705298658 | 0.38392964264845414 | 103
1 184 | -1.4972776443209892 0.8807387208242692 0.5021694514108965 -0.23107113310835004 | -1.497175497919901 0.8805602652646425 0.5023376120487111 -0.5205436370203895 | 208.22804585846598 | 71
1 185 | 0.08733832547911384 1.863970362103097 0.6124905174501842 0.19571864140440956 | 0.08770244711871342 1.8640183477499384 0.7290266876597816 0.31011572039418484 | 1.5647993273453564 | 117
1 186 | 0.43389782102370483 -1.5943833263498268 -0.5551722518671635 -0.1918988073463981 | 0.4344722249809878 -1.5944645549220586 -0.6754771040630246 -0.5676900576836313 | 109.8916007505345 | 97
1 187 | 0.24642827391581626 -0.6468101351090576 0.06931173356861581 0.17357301925248958 | 0.2466568137620543 -0.6467964635951875 0.13477506762720542 0.33749799179249274 | 1.0305504636748004 | 83
1 188 | -0.46211212818666875 -1.0320012448014373 -0.17555708752077825 0.4459516725354546 | -0.4623464031243021 -1.031977763348021 -0.17642916492439437 0.46774746704900355 | 2.45159292774332 | 71
1 189 | -1.1227442076356886 0.019528217144178787 -0.041649342158307796 0.02922759056742707 | -1.1226066129983754 0.23668866999562344 0.3821608173925073 0.11107794573595503 | 372.47104322527343 | 149
1 190 | -0.3139411831531862 -0.45069208427785845 0.09057128839868539 -0.30733819858130407 | -0.3131997599091267 -0.4505104092667217 0.3131697343832046 -0.3930079749466408 | 0.8646254010360968 | 95
1 191 | 0.2967690000039462 -1.4649692215815624 0.3991655498214615 -0.13955714714514467 | 0.29760825506117233 -1.464950831260128 0.41509685868666146 -0.1501359789605419 | 1.7810148766912426 | 93
1 192 | 0.20072744278913865 0.5790340718492211 0.41333136961026734 0.2019614659394656 | 0.2007092826883027 0.5790405794488062 0.5229923443905575 0.24494570985467945 | 0.03777858889022741 | 111
1 193 | 1.4378501385686306 -0.46599781191333806 0.22901085264807755 0.08338813148974403 | 1.4378166175023006 -0.46677246828391467 0.3473278086480624 0.24579376668737377 | 7.631722712074286 | 93
1 194 | 0.47799772337388174 -0.3075082608280057 -0.4953673584713469 -0.15372593413004287 | 0.47808970828694997 -0.30837171945578984 -0.5632146653798309 -0.34450417969702757 | 9.913973086405313 | 105
1 195 | -0.9531135848499065 0.4870541918703145 0.36014349673500806 0.20259840827749223 | -0.9531263476437725 0.48682617538496653 0.4295961441527286 0.20973840443346445 | 3.6620552628591656 | 101
1 196 | 1.1492105765386225 0.3332932745960858 -0.48709782790165446 -0.8237577131443692 | 1.1491256552260491 0.3330579579913369 -0.806815312130677 -0.8345783003183267 | 36.14859438062511 | 89
1 197 | 0.12988222690327136 0.22141577759473652 0.13334397960834582 -0.35388682811862354 | 0.12896087793498454 0.22138273783169576 0.3041124946083537 -0.48363319022797496 | 0.0026040644794998098 | 147
1 198 | -0.5224659768200776 0.15775979428447326 0.4548155930585314 -0.10612777729582583 | -0.5224355804176315 0.16233864945726656 0.4724439424401309 -0.17011745127734385 | 0.021498910439591748 | 133
1 199 | -0.22562835591544653 -0.5064292796555875 0.39052862523860815 0.3421364517011586 | -0.22563029827807546 -0.5064379315113584 0.390546855096023 0.35152002535742993 | 0.01657223991045961 | 95
1 200 | 0.01214659631365833 -0.32734234895542186 0.05775560695557006 -0.6139756502024473 | 0.031696832275267116 -0.3273340664377374 0.07580522705093096 -0.6429000369663644 | 0.01986959163870013 | 121
1 201 | -0.6874626270289256 0.4289650846144232 -0.2910542755438035 0.1371532975608738 | -0.6873082072863278 0.42847226532699434 -0.3011176185682624 0.22712042559352225 | 2.456868946718465 | 101
1 202 | -0.3797005664286743 0.36274117892772073 0.35174993081320993 0.20191079512901117 | -0.3796356839366944 0.3627822782823265 0.5961048118311081 0.5396708781240418 | 1.7173059211143942 | 143
1 203 | 0.5024285477999109 -0.2465511194639393 0.3120892495924211 -0.036779211778514315 | 0.5022655140806671 -0.2066973611465014 0.5768905003558352 -0.20876724387117937 | 152.43230779227477 | 117
1 204 | 0.3594961275064822 0.9964606397246143 0.526098329391174 0.2143060993077686 | 0.3594984664900024 0.9964764620797824 0.8550578223121718 0.296876060959804 | 0.23874614601402522 | 109
1 205 | 0.04059022513097845 0.32681068999147345 -0.07881669112354936 0.12114572880008918 | 0.04076846862321642 0.3268204488017703 -0.16359505422739035 0.3255143464674755 | 0.0004511905791236832 | 769
1 206 | -1.4865247754170317 0.4181205665898934 0.150692582707082 -0.45251552057885425 | -1.4865140940204817 0.418854208822014 0.30602548527360257 -0.4670687527778429 | 111.03193546154188 | 93
1 207 | 0.40655118549010577 0.25549332137290454 0.6078685550544715 0.014473159169114451 | 0.40393795156812107 0.13663212149945836 0.6107927973677297 -0.057051879831895205 | 31363.916975170738 | 61
1 208 | -0.7415510535411678 0.6213256641225403 0.03325334266796403 0.32378987741558163 | -0.40651454517784363 0.4142621842536024 -0.06301119488792117 0.3148625913075821 | 277902.64756869833 | 61
1 209 | 0.22220974244266845 0.3703430767402809 0.28790167967676894 0.2623846144575497 | 0.22953745879526385 0.3718325073490421 0.33681796147138776 0.2839028192877753 | 4.307479959775835 | 105
1 210 | -0.12756799496831023 0.3004256944914518 -0.2095626602893016 0.1104256379786826 | -0.14751575069748993 0.2973756095362672 -0.31510681444936667 0.34462992686483546 | 4.716259285162047 | 321
1 211 | -0.26902153598384726 0.0450830742912132 -0.061578795051646984 0.08685036291832779 | -0.2689836373238792 0.06006531564735781 -0.3487720599500117 0.10108815154933956 | 0.17779466130272695 | 999
1 212 | -1.2286276023448168 0.08216664232958108 -0.5468632082027861 -0.5291096109881546 | -1.2286191941501656 0.08202285657602122 -0.5545896756460976 -0.5852884429133369 | 1.3870377900497992 | 121
1 213 | 0.6389672162668921 -1.0160355795474576 -0.20057065081392889 -0.19690956277478142 | 0.6387368501098178 -1.0160529401740719 -0.23720343146365397 -0.4922271914068071 | 18.526590280686392 | 81
1 214 | -0.8407545926723076 1.5065597028488988 0.10130724398131787 -1.0282249893739535 | -0.8402042059096397 1.5066510870013892 0.7342912919709929 -1.054290704301028 | 2563.0923248669424 | 83
1 215 | -1.2946699651267117 0.2372708447972333 -0.1784049048971177 -0.10350687813763164 | -1.2946773595033367 0.23498960282443185 -0.43257437338311666 -0.14350268182595174 | 0.6558061884708407 | 125
1 216 | 0.43805585739548986 0.4442486553371542 0.8060247852044955 0.4062168411890797 | 0.43800880414719523 0.4440164776053391 0.8249968664973216 0.4220627368289541 | 10.143785345818852 | 85
1 217 | 0.9532104979475052 -0.7908357787581104 0.10404126229676593 0.27535415789472545 | 0.9532269279102005 -0.7907557345454159 0.1704290318439362 0.3705390187366636 | 4.245341855523692 | 85
1 218 | -0.053396907298030406 0.5598278596891696 -0.04131646562646485 -0.007552379505946141 | -0.010460410976455552 0.6538165584683276 0.001482794609726148 0.21615253659575817 | 58121.37317488077 | 999
1 219 | -0.17616134971842307 -0.13368737770007955 0.1414716742597759 -0.3154668885217919 | -0.19915585596615296 -0.12350517652499499 0.1647071761550399 -0.31612134710215595 | 653.4096006046789 | 77
1 220 | 1.0005087533872319 0.21068832602398718 0.4397532979306746 0.06968686948010074 | 1.0005910736173191 0.20825739762754472 0.4709316930201712 0.37147609386951785 | 3.6687036034438867 | 459
1 221 | -0.40505348643436334 -0.3682732122160262 0.45435749945372356 -0.24610898727657948 | -0.40485904499736564 -0.3726620783536116 0.5863160820667878 -0.2851997736335873 | 39.290822794436 | 85
1 222 | 0.08366219766602526 0.30952981295251397 -0.32965182093758977 -0.14842818230530264 | 0.08366235911934804 0.3095008629731374 -0.6910611335791867 -0.28587926660698854 | 0.00010106766071223669 | 301
1 223 | 0.9793133304004507 -0.6696347202386578 0.29699607656893506 0.17858928311091954 | 0.9792605929816287 -0.6696918187545766 0.42124026640406903 0.18437610868007004 | 1.9067349058004128 | 79
1 224 | -0.8175650712602245 0.5599097460292924 0.09965607955834262 0.23488456010615574 | -0.8174322516052397 0.5599111560460603 0.14238288189128553 0.5232092340590769 | 12.75029254472036 | 81
1 225 | -0.6129338541403763 -0.20558555815432725 -0.2686255158701984 -0.31617004106554375 | -0.6129547592177151 -0.19787905456435 -0.6069215493507323 -0.33282648130383286 | 0.4814154756608002 | 127
1 226 | -0.058189685702923245 0.11956808223652467 -0.43626456601278074 -0.1000734117367018 | -0.0580505881391422 0.11867769819876596 -0.4627251921690007 -0.2797609332014339 | 0.0018978938233092718 | 507
1 227 | 0.26043741073756643 -0.6243173526944058 0.0978404901954645 -0.043223791776517896 | 0.2603917395262118 -0.624319702841822 0.13186832156306083 -0.4593158983715361 | 0.054584098636644415 | 149
1 228 | 0.04961915119970492 -0.16358393762687015 -0.06687230982840889 0.6209330268936153 | 0.06361744408459878 -0.16357566635520812 -0.11839419740627376 0.8645405463553615 | 2.02052680516744 | 195
1 229 | 0.6930728365361217 -0.6157859632159782 -0.28126677236355097 -0.17837451740435467 | 0.6930992186637572 -0.6158469565148594 -0.34388433110275896 -0.29986337843689503 | 0.8298652054461131 | 85
1 230 | -0.32976103024399 0.5382433276212867 -0.2110809975825304 0.30090471405715147 | -0.3295819092426717 0.5382825404048989 -0.22097668723462324 0.36934066598928894 | 0.4096133094786939 | 85
1 231 | 1.7082091266055321 0.4238238316606753 0.2091491632918059 -0.3651620917179392 | 1.7083064558943593 0.42297385154561384 0.7258760004654012 -0.370477285735728 | 727.768679598338 | 93
1 232 | 0.3568728906496542 1.1762204574045096 -0.403017506340213 0.10911292787071339 | 0.3566699357215093 1.1761907229775563 -0.5646285154829738 0.1942608399993567 | 3.343015430337216 | 103
1 233 | -0.5876815119862299 0.6901742060604545 -0.16125867521811763 -0.2689563182055611 | -0.5883622592625131 0.6908104088007374 -0.310474958423871 -0.44538811260381767 | 145.46762324282872 | 79
1 234 | 0.9966392278753803 1.002277072150125 0.22968633128318836 0.4343409717969729 | 0.9966779270904337 1.0023083170499454 0.24824210547770997 0.5577561417593476 | 2.837056211146021 | 73
1 235 | -0.6284728340425563 1.908385349511531 -0.3285673450916653 0.05086861626259878 | -0.6287420986415178 1.9083943773988419 -0.47891068240688034 0.16552348975015316 | 13.992485430975533 | 83
1 236 | 0.12176859631654513 0.36388194658384204 -0.3919578824532297 0.05935061198111809 | 0.11805217103967507 0.3654374153191775 -0.44770951099939776 0.2428737066051761 | 72.80531322991361 | 89
1 237 | 0.09242065903966247 -1.8340874964054064 -0.03348978252721928 -0.14066156389527507 | 0.19737546966214745 -1.834079404389064 -0.1510249153049683 0.39900830164088413 | 7.913565278162773 | 159
1 238 | 0.21934686967097045 -0.5486416858155077 0.16857464677938064 0.3811571450365472 | 0.23284720783947885 -0.548581752448337 0.23299623060100416 0.49152790979950106 | 6.159987267609125 | 123
1 239 | 0.25045497803271 0.6901267182001465 0.278059522055252 0.5148671152751815 | 0.2505646659456427 0.6901617165448327 0.4143703535504725 0.5290168910524958 | 1.1328897046827189 | 109
1 240 | -0.030972718954343472 -1.336850019530806 -0.23661650617079433 0.6385666658597459 | -0.02195190056722826 -1.336842864181614 -0.23638703449813817 0.638887763169993 | 0.8057488685404968 | 83
1 241 | -0.39277287328162436 -0.7748738068008826 0.20185176179887243 0.08676203011965469 | -0.39313876984297663 -0.7749409846265788 0.476675169925359 0.44392484471546056 | 6.961531309069935 | 131
1 242 | -0.36807604887819145 0.5583912182911441 0.22351210648048234 0.6562355427996752 | -0.3676767299354149 0.5584123857192802 0.36074823124607813 0.7395392080307953 | 0.7516368366851391 | 89
1 243 | -1.5359852869017918 0.21724533050312259 -0.3194742046196909 -0.10738081680456803 | -1.5359833971856216 0.23039672756525517 -0.42164566916165386 -0.09942986054218698 | 2.659248910528326 | 113
1 244 | 0.2297863111801371 -0.12478217086092293 0.23227503917062992 0.12503403875330033 | 0.2298642144209822 -0.12552172242418447 0.4186068477566382 0.13907845145337608 | 0.0009126685623932573 | 123
1 245 | -0.42780024224762714 1.2223588964967291 -0.20444520195667185 -0.3658624333269583 | -0.42780676224203634 1.2223518208461004 -0.23193312949296063 -0.4386448659279593 | 0.9449848241224827 | 107
1 246 | 1.2875061166550854 0.4362264435665708 -0.27212544980981446 0.25689558909024224 | 1.279175814377146 0.44351276305009857 -0.609762642524667 -0.3195873181402764 | 123943.2700124576 | 63
1 247 | 0.6008674621476816 0.2708813456652262 -0.2763910375212057 0.3756997107447511 | 0.6008565380419855 0.2708316057799322 -0.2775522512389733 0.3804634541582303 | 0.008103276186751295 | 105
1 248 | 0.18095662181065444 -0.5488054780250761 0.3902405355122687 0.1440417112195507 | 0.18183481175901572 -0.5487837431634557 0.38687256465796893 0.27308258208632274 | 0.2850373721832355 | 109
1 249 | -1.1120633719523112 -0.4972794436634018 -0.36304885928713654 -0.10814612308591455 | -0.9933092201236056 -0.46040266451369005 -0.496058297231459 -0.08485882614171791 | 9731030.05963865 | 59
1 250 | -0.2616374130649084 0.14825119282357743 0.3367911674475958 0.4571348994702257 | -0.26071517778278774 0.14832770236596557 0.33947687093500695 0.6333713968615237 | 0.1436994690526766 | 111
1 251 | -0.901150976109786 -1.2202395684909502 0.2017695787499308 -0.3007199305029711 | -0.9010095819255423 -1.2203960701863168 0.36893015867107315 -0.31277852516712895 | 108.29280225519294 | 99
1 252 | -0.6861851855424111 -0.06214492436502279 0.06692426139183241 -0.34637068565369084 | -0.6861840862405406 -0.06535688732617324 0.2031676393512141 -0.3469020468340599 | 4.994318905364881 | 89
1 253 | 0.4502569305766668 0.6339908256675089 -0.04487328285237469 0.6821356458146162 | 0.42252294360042686 0.6337267699212208 0.1096412279928029 0.6847296816825318 | 78182.38386981616 | 63
1 254 | 0.8649926292987897 1.5675651352939166 0.8971937093994189 -0.20542483901540853 | 0.8649944977437797 1.5676019375590922 0.8990303257454123 -0.2140046254927507 | 2.0580792292486216 | 79
1 255 | -0.06718555749866513 -0.7540418022801055 -0.11189392009680532 -0.24892803593314122 | -0.09302277031875629 -0.7544164890497658 -0.26571522664951186 -0.3400844675955993 | 4.132582644599923 | 133
1 256 | 0.36188013444928924 -0.6341287862481855 -0.013340694806896706 -0.35458553723635927 | 0.3611605291024277 -0.6338632205926834 -0.2613022200217869 -0.38359095621906153 | 4.508490161000768 | 239
1 257 | -0.7463882723101696 0.3364517303080112 0.23349682624602194 0.2165298480704331 | -0.7463719991123979 0.33619049752735203 0.23442944082665246 0.5271221233985546 | 0.7649865754489809 | 147
1 258 | 0.7584224503929028 0.5950637019034317 0.08576571055338486 -0.23888353574680474 | 0.7581572635499374 0.5951027258115505 0.13973158212577935 -0.46338554427817896 | 1.5890467487206899 | 103
1 259 | -0.5558821266031823 1.4602989000462436 -0.31032044956142374 -0.29706093577314674 | -0.5558324914172927 1.4603034161511967 -0.346792914453592 -0.32374339495808596 | 0.053292478646160255 | 93
1 260 | -0.5381005085147361 0.37240545145097126 0.02164375277634209 -0.3539419952160525 | -0.5310710149784313 0.2612203607649903 -0.15279293553920092 -0.36095466933638776 | 36847.701186374004 | 73
1 261 | -0.1749966603625216 -0.4233599737027037 0.2227015279182063 0.508545727960221 | -0.17489696440354735 -0.42338807199814865 0.4373636887193532 0.5613737363101815 | 0.06895982917138148 | 117
1 262 | 0.21039738673546657 0.6025278404485023 0.09488134730134504 -0.3244907821299907 | 0.21039738673546657 0.6025278404485023 0.09488134730134504 -0.3244907821299907 | 4156327.0130569497 | 57
1 263 | -0.981091211522036 0.7585871693911792 0.24703109293149556 -0.13564313751826135 | -0.9810626156441329 0.7585244923679757 0.32396218442182306 -0.13699455964352453 | 9.787262380223424 | 75
1 264 | -0.48165730993157113 -0.5362059359104728 -0.15059206773775835 -0.05278882126994107 | -0.4817236885352172 -0.5362018527141312 -0.15569204445971024 -0.1271346255864531 | 0.9221752590312382 | 87
1 265 | -0.9764334456648904 -0.8564984982965034 -0.029968751041859882 0.054166898491532056 | -0.9764509893133572 -0.8564239367031934 0.1937776213371724 0.10969743004926281 | 3.839626823939853 | 101
1 266 | -1.153306961015345 -0.14507286437111028 -0.057218184189964105 0.18073549290025087 | -1.1533108854310445 -0.14489804804741638 0.17191896152217212 0.21794150452885658 | 0.0380901525583231 | 225
1 267 | -0.2521652134710549 -0.5154052205363101 0.11844867052915374 -0.7052638827890543 | -0.25430504196608655 -0.5154226839809322 0.4322898898333107 -0.7747477533213528 | 20.116913350811203 | 195
1 268 | 0.6591990206300732 -0.48088365992695115 -0.08399347755261 -0.293676906137664 | 0.659035747108545 -0.48119146711686706 -0.583757891059526 -0.44145176452238816 | 6.917076063459486 | 95
1 269 | -0.07138150246968007 -0.09160328724565878 -0.07817873901995896 0.3233416307092789 | -0.0905863892553835 -0.09161566499105339 -0.19506934975999243 0.5787898173411431 | 0.13390736267037112 | 999
1 270 | 0.26164827220469683 -0.2534509768629101 0.010845412737350438 -0.4347930885503835 | 0.3065320934455879 -0.2531093493963639 -0.13632202172695757 -0.4344509412549628 | 2560.7786205216103 | 109
1 271 | 0.7210265897477612 0.639287611771208 0.1943681141502788 0.5586384528160873 | 0.7215493015601796 0.6393125621370426 0.4254081696719406 0.7511551736682519 | 22.52858915305254 | 81
1 272 | -0.1522140265424523 -0.06385006427305383 0.06313500442417326 -0.0921666338229064 | -0.1531135551546859 -0.058381874119400344 0.17707626831701623 -0.1875394865223828 | 0.0074677324766870305 | 309
1 273 | -0.690735891219449 0.6659023497911853 0.40695839430039243 0.42877364221160774 | -0.6917925435145679 0.6668954484164419 0.5336921249210974 0.5825451591880442 | 470.73927581928604 | 73
1 274 | -0.4480177562727838 0.4531909744941937 0.08516052984257141 -0.5478477950255963 | -0.4479296767941419 0.45314392432673056 0.2111647874734146 -0.5510727877867297 | 1.5796103096508118 | 77
1 275 | -0.8757170505770981 -0.6549362965518498 -0.07909745637789808 -0.16207466549785735 | -0.8758276547161788 -0.6550297716435705 -0.40745500845206906 -0.1616130484684815 | 44.66125961052457 | 85
1 276 | 0.5833391717795845 -1.068182324002736 -0.3220963368745316 -0.27320725714470756 | 0.5834138624731691 -1.0681907912890714 -0.43519868132504413 -0.4034896953127545 | 9.68200564556259 | 73
1 277 | -0.1994168673041471 0.015814680239287254 -0.549293668687552 0.09089372597086547 | -0.1993486824158048 0.044639815914825104 -0.6211940691402705 0.12418383991351072 | 0.12868321646570194 | 123
1 278 | 1.2916361136717749 -0.5076783228387934 -0.47030765027186566 0.2490610778618617 | 1.291621688208668 -0.5085339551556449 -0.7149728096959023 0.28526953565488766 | 9.504658320781997 | 83
1 279 | 0.09245839153735828 1.3648143053386648 -0.1265154055573992 0.2283520345455426 | 0.13853585805351093 1.3649881708179135 -0.15971323904899765 0.23236165478853749 | 70.98464000454115 | 91
1 280 | -0.7259048756772479 0.5390426590070238 0.48071783998134354 0.31321187074055395 | -0.7262921359336783 0.5393150310008819 0.48727847527494506 0.6075737567141312 | 30.857685922075625 | 95
1 281 | 0.15540338214638438 -0.39812288703394133 -0.036187652688410336 0.4919150418418532 | 0.10103740330764699 -0.3981172654352352 -0.15658356966924541 0.49472829219712255 | 55.74762648746315 | 195
1 282 | -0.1595077966582057 0.8970059520347632 -0.1853201469218421 -0.520634673056362 | -0.1563074933849516 0.897008113293934 -0.2217176915326825 -0.891481858127801 | 0.47018233602837645 | 113
1 283 | 0.6513493429263493 -0.05071875749271167 -0.23569426696432932 -0.1774354125262737 | 0.6482875806981775 -0.05243762108802991 -0.238483026107403 -0.41247999981883315 | 32.136609255122465 | 153
1 284 | -0.7522844265393008 0.13586378725813064 -0.12945165232192204 -0.1653383488161164 | -0.34971244747218067 0.05178898075515674 0.15502738592837084 -0.12691499768365105 | 47323.71693976046 | 101
1 285 | -0.45157360319379775 0.9277780202136123 0.046750101116854556 -0.24986134903421028 | -0.459765641061774 0.9276043201643103 -0.21653469927183563 -0.26686794490126037 | 2074.305400137817 | 65
1 286 | 0.6405735510222859 0.342405314068973 0.12898260209833043 -0.1725632022315657 | 0.6405769108452464 0.34219352323670527 0.135743461746944 -0.1972297531519935 | 0.11950075458593029 | 111
1 287 | 1.0400213079881389 0.4178983821859849 0.182903838563901 -0.03846141370551032 | 1.040021127054919 0.4179907949404671 0.22923465774781338 -0.16887046140534576 | 0.48711583492309796 | 109
1 288 | 0.2376082255247478 0.10838203976118645 -0.3495471787661118 0.2105132391718255 | 0.23761079793753823 0.10859515763334034 -0.4210731723791853 0.2570765652855443 | 0.0003304134116594156 | 125
1 289 | -0.03814842877090122 -1.0532833535363055 0.056505247486319604 -0.23136997876924506 | -0.03708398651193226 -1.0532957626069561 0.10759379283865782 -0.23719734994272793 | 0.7653697591499353 | 999
1 290 | -1.0909585235419197 -1.832003536767113 0.17979316601450768 0.23785207083438606 | -1.0908895096910247 -1.8319988472912019 0.4378405764480978 0.2562926434942064 | 18.231695421987133 | 69
1 291 | 0.19407292551579866 0.06747604941827517 0.780663122212545 0.13720888387125219 | 0.19407260769796253 0.06753235835946099 0.9210705114252482 0.1741005372839968 | 0.0001489035176155718 | 135
1 292 | -0.30302868602157507 -1.061114354009343 -0.16358280040477036 0.2566642007819686 | -0.303733572052432 -1.0611145755745122 -0.23470829355297917 0.3335159369962478 | 0.17420801595941166 | 107
1 293 | 0.13306625835323582 0.10968934916269926 -0.5411428039096526 0.3432088396155177 | 0.13318825413557545 0.12532733000650442 -0.5414022430877704 0.3477052341716323 | 33.690220894530995 | 81
1 294 | -0.2836308608891122 0.33496050799400673 -0.31383422397187904 0.1774964267646146 | -0.2808124470382916 0.33484877878324254 -0.3385599634718499 0.39393952605891747 | 0.5559709948555775 | 105
1 295 | 1.8494516744529057 0.31424289744766676 -0.02114579896971783 -0.15007445198031474 | 1.8494563588480029 0.3149644619796795 0.5210019469882934 -0.15570494777698457 | 7.268019203826871 | 97
1 296 | 0.4969009257341255 -1.197972526959419 0.6957690323100272 -0.49924437465054 | 0.4968007009052817 -1.197962800894896 0.6995475906054198 -0.6728564056821493 | 11.421428049312691 | 81
1 297 | 0.12227271668252035 -0.8990041459233232 0.3832985739873046 0.4786899803973368 | 0.12180695964213961 -0.8989812880385011 0.6710931363999132 0.5138026550275918 | 3.6302402233477444 | 125
1 298 | 1.2460338108573865 -0.21779620474773406 0.11090987693132802 -0.02679246087218578 | 1.2460477261633005 -0.32860775353960286 0.7633841187434536 -0.17100534820375365 | 1346.485225620203 | 95
1 299 | 0.22679078192277582 -1.5281962178247293 0.3223352824854256 0.08807559500208555 | 0.23885328561162913 -1.528184542359144 0.36736078887805695 0.8357573020966959 | 6.278813567911019 | 285
1 300 | -0.379737075869832 1.5364706656103053 0.02107245673879595 -0.5231512770555816 | -0.3797570702729863 1.5364705567843135 0.026406488482975065 -0.5952711025143407 | 0.034544582031998526 | 75
1 301 | 1.32295572799163 -0.5723371512434945 -0.2469411934484657 -0.23916617706661294 | 1.3229550640411434 -0.6160835252436875 -0.26092623552294003 -0.3094637527846624 | 43482.211247292405 | 65
1 302 | -0.5790600771552262 0.29383469048533106 -0.4654538433447596 -0.6329527043791173 | -0.5791438074707316 0.29383102681079876 -0.46606827932895617 -0.856214277734903 | 1.8233183982192593 | 101
1 303 | -0.5355686577322465 0.3443126447883571 -0.12819558442749657 0.15226444735919722 | -0.5356225849871128 0.3440165260310153 -0.5432632993363805 0.43698220415602207 | 1.2526099289148993 | 143
1 304 | 0.4572179746706385 -0.12776183851789202 0.5028525147978191 0.019353694199364307 | 0.4572059080238627 -0.04619717672765912 0.5951624544335372 0.04511459108735762 | 66.86426976302197 | 133
1 305 | 0.7247860928663279 0.35042420780641936 0.5576284770551717 0.7263278758506906 | 0.7247859366838916 0.35045758321222265 0.7664918384148165 0.8778445297557619 | 0.7996460000375426 | 93
1 306 | -0.6235696733047702 1.1383629438318128 -0.18085401476487611 0.15707068939606345 | -0.623399623556094 1.138157519246208 -0.554160160691325 0.17330388526757018 | 14.131354772490848 | 99
1 307 | -0.7126699694452573 -0.4500829055029823 -0.4046030019174443 -0.5473061070282024 | -0.7113274812461885 -0.4502878698462384 -0.4293996989749227 -0.830329366060512 | 42.11416470740502 | 95
1 308 | 0.4098423878948078 0.003613172125027423 0.5118410908004654 0.01983868264365264 | 0.40984238822921987 0.0036135130698577824 0.5863647474902356 0.022684835087354117 | 1.0500624967713949e-10 | 179
1 309 | 0.749817547967434 0.7070647176228524 -0.29843565316055415 0.03725952878407154 | 0.7201045374295121 0.747312684199115 -0.3191821681850733 -0.13905232951088997 | 404753.6225055114 | 61
1 310 | 0.7957171341466366 0.16997499937846872 -0.0817773300056137 -0.06348930130956222 | 0.7956976892002444 0.17167346555448262 -0.29587591108307865 -0.22818915073635002 | 0.29100687731299407 | 151
1 311 | -1.4730593869033728 1.3905853163031363 -0.13701255618086758 -0.40573591127519826 | -1.4731203671640092 1.390658766768894 -0.4245687808975871 -0.5603873600854603 | 257.4769186680793 | 77
1 312 | -0.6369579174520823 0.7523008551332062 0.26784207173249946 0.07639502861401211 | -0.6359641201685677 0.7527055100979307 0.38025328119559176 0.77926774384192 | 98.50552562740594 | 111
1 313 | 0.21906274817779325 0.3989214342200216 -0.6186978224905317 -0.3299273432444379 | 0.2195123468499081 0.39912899723853007 -0.6464703834950452 -0.7712955880554289 | 5.183859256220407 | 127
1 314 | -0.5001114618870957 0.6168257694876135 -0.22880489764050294 0.2628565154699124 | -0.500064701047697 0.6168205055011692 -0.2749703188764944 0.39138972739881867 | 0.8923909242782537 | 87
1 315 | 0.73985406194494 -0.4091619121399784 0.3491169276481689 0.19072787036063754 | 0.7398398239038103 -0.40966416220963514 0.37326762672430974 0.21052509020697008 | 0.8374826261153876 | 79
1 316 | 0.8483282697315225 -0.6016372474880219 -0.08251760913092175 -0.1738314614457015 | 0.8482780947720536 -0.6019306059731966 -0.24123233088743384 -0.4680108454019138 | 28.748501867385666 | 117
1 317 | -0.5936304754748701 -1.0572036100957463 0.12853960303022416 -0.655403816317009 | -0.5936100048209538 -1.0572178324428403 0.13362975225513696 -0.6750235628492733 | 1.257365830259906 | 85
1 318 | -0.19508085849500142 0.9171411179911425 -0.29065879121753463 -0.3334814184725271 | -0.19324599394123373 0.9171526921467764 -0.3727145011325561 -0.346608975169126 | 0.19974674972617673 | 113
1 319 | 0.41192902751286076 -0.05823728763089055 0.24540911982293018 -0.13613467290837142 | 0.4115898964321097 -0.08507609179060949 0.3110733546611364 -0.1494490859879809 | 9.088834108169014 | 101
1 320 | -0.9431572022386356 0.5479506501504242 0.393327521001315 0.07909706120938034 | -0.9437062711437367 0.5486527054190041 0.41193608660807823 0.55357235863008 | 65.01731986205857 | 105
1 321 | -1.925439204615558 -0.972058874411846 0.550457467991685 -0.8940727774796383 | -1.925487574383586 -0.971999289680518 0.6486032607812772 -0.9948064638397315 | 165.83982972897672 | 77
1 322 | -0.41454908017391273 -0.5689953607692769 -0.16042766728993735 0.3622679710641991 | -0.4143289056687643 -0.5688760294329804 -0.199996210129392 0.3707680053011092 | 2.382304926265828 | 97
1 323 | -0.41995587370894283 -0.17907591666310757 0.06566973532022018 -0.13157087174956875 | -0.4199830034182614 -0.17906872424749407 0.30106545330625384 -0.3671718863753239 | 0.00746723867723487 | 837
1 324 | -0.9980208452862034 -0.687067056432754 -0.6126126445348297 0.4045458023180699 | -0.9979604139210981 -0.6867224603646986 -0.6465914630971292 0.4217886037124012 | 390.24015570425695 | 69
1 325 | -0.7575261067885055 -0.3246217231161661 -0.09321211637245229 0.21738836523883848 | -0.757606624159079 -0.32362562229550906 -0.24860584610703926 0.40311677299579673 | 6.260004057016766 | 89
1 326 | 0.6490445761450038 -0.2483373657757458 0.2578966495216207 -0.3572192690678803 | 0.6493088622986828 -0.24850777133967297 0.2669350018667777 -0.5097923059219488 | 1.3565421495004308 | 99
1 327 | -0.6722830858372031 -0.0952245210163598 0.37817345619087467 0.34159610283624575 | -0.6722897208646951 -0.09442399202197828 0.5068210102676013 0.3756344451596711 | 0.8529825371448143 | 111
1 328 | -0.3488650453756124 0.4584674829309905 0.1136586325739619 -0.8273051991947311 | -0.34917846463744007 0.4584852814258632 0.47202198859604333 -0.8605767747898867 | 7.079688893670122 | 153
1 329 | -0.39746799549650513 0.40254775787299635 -0.10437587818293113 -0.2533133936083811 | -0.3984199173122188 0.4025011894357977 -0.25655259521943874 -0.5946290703866719 | 3.071837794500096 | 129
1 330 | 1.0557591781616518 -0.5180530046099556 0.5709231440462285 0.26687638022303767 | 1.0557591781616518 -0.5180530046099556 0.5709231440462285 0.26687638022303767 | 1782668.1433177234 | 57
1 331 | -1.290263344505361 -0.09743320580768769 0.24257220340209168 0.2046923190023999 | -1.2901996979191568 -0.09655841055151852 0.2684722099473129 0.4392166434386184 | 0.3919642375221874 | 191
1 332 | -0.13727292854180942 1.2547067223478343 -0.35572291290187197 0.22458603363127108 | -0.13710248710152512 1.2546604709747282 -0.568620350831289 0.22480974577965196 | 0.8833508456790358 | 125
1 333 | 0.053279971651595995 -0.46894566911381397 -0.4488329692511033 -0.40997688809819627 | 0.053382269861477746 -0.4689467585381458 -0.4767380957558035 -1.1423509212052312 | 1.0953249200237702 | 371
1 334 | 0.08126397673521923 0.9064724485119913 0.17611762329848282 -0.35849703138305195 | 0.10476388350979193 0.9064356802418101 0.2596916791845379 -0.6043360562181955 | 1.3907972169288847 | 129
1 335 | -0.07208258358597153 -0.562408004161274 0.46926984388225534 -0.27441246003707737 | -0.07208265665713756 -0.5627956338307084 0.6097731504411033 -0.3537149367109579 | 0.23146911347062238 | 123
1 336 | 0.32186700574915666 -1.7601170226734515 -0.26440320382969507 0.07754177137618322 | 0.32275966585885435 -1.7601172065215531 -0.2810177178740013 0.08442085848757545 | 0.26327478476644356 | 117
1 337 | -0.37701234353468227 -1.3930872120752549 0.42594913845789706 0.2561994195179228 | -0.38081398636789343 -1.3935531094961555 0.4331483222461037 0.6443223046634222 | 4902.835409288016 | 69
1 338 | 1.0160816284533216 -1.4551705018025036 -0.19950369968497955 0.3508006866494647 | 1.0160842441342344 -1.455188326858201 -0.24679179695861167 0.37854649666029005 | 3.226319085987191 | 75
1 339 | 1.1331041461441673 -0.8930534472939209 1.2010725307092496 0.034039993161659794 | 1.1334267071867428 -0.8924861965207299 1.2046591712176369 0.1650394370608377 | 445.6436059081982 | 75
1 340 | 0.4125383790530953 -0.0028166362332730866 0.6559295476643279 -0.46554910635853514 | 0.4125745950168836 -0.004495386328310184 0.9059793072730834 -0.4655712754521592 | 0.9469191381499565 | 103
1 341 | -0.5410094455137361 -0.34384262632593005 0.2815034519704028 -0.5900193297550169 | -0.5403878505524488 -0.3434708530440171 0.719410030658017 -0.6268448083520815 | 116.46682889419901 | 99
1 342 | 1.5150138690419872 0.7387628845025446 0.3511643023711612 -0.14063760403177272 | 1.5150039761630396 0.7387070820669037 0.5291871134218267 -0.23860401584037264 | 41.31415573523678 | 85
1 343 | 0.32996522560556785 -0.4204494614803648 -0.09064013858113826 0.12718067540091071 | 0.27987274330715173 -0.4036124685846337 -0.08969043428968376 0.11462289315496119 | 5538211.014576626 | 59
1 344 | -1.5249062899609944 0.6034409229135064 0.6588567712065642 -0.0786083013113728 | -1.5249078185715292 0.6041421047250234 0.7160578844553568 -0.13553528401014703 | 137.74781672747957 | 97
1 345 | 0.33609792604951283 -0.27015421621953517 0.3548277027380615 0.001255193797707107 | 0.33607925735861494 -0.27243406150453847 0.4335467539095062 -0.29600169169930246 | 10.239493271571835 | 545
1 346 | -0.5309970145763367 0.3861558021958842 -0.5166628608787333 -0.4635673260244645 | -0.5310050750989678 0.38640601142198716 -0.9321733571913854 -0.5560928810770683 | 6.47842799312415 | 109
1 347 | 0.21521153996464487 0.5344333959944579 0.18045321223636604 0.0364122700151849 | 0.2144491165975863 0.5342338131786067 0.17953090338086689 0.3796798665496022 | 0.6565883076924783 | 81
1 348 | 0.3854309639046574 -0.7073565195944932 0.16648297467138456 0.04276070081938236 | 0.3853714784733917 -0.7073603948745678 0.1691457624078249 0.06799280112184757 | 0.011379891663435882 | 105
1 349 | 0.11793388623441958 0.8087426926422847 -0.4798439465138005 -0.04635690348364664 | 0.11920867230398166 0.808518019755584 -0.4802256707566551 -0.19462944234993101 | 6.160845653011899 | 75
1 350 | -0.3948264329917312 0.8579136539210913 0.007081006654918197 -0.08482732287206635 | -0.3948265832919274 0.8579129904239037 0.042731954605640436 -0.11696326117457272 | 0.001186557697557216 | 127
1 351 | -0.20339194348575568 -1.1043624604102413 -0.4456493445552285 -0.6817063968523266 | -0.20325306664208284 -1.104359833536887 -0.4643624219619678 -0.7744757585810813 | 0.5184876922496374 | 91
1 352 | 0.4649639485951693 -0.46745260803429545 -0.03728885362403672 -0.4278891007697421 | 0.46540952858318324 -0.46805801247839 -0.1330526922382291 -0.4287391692401127 | 3.9036139153967415 | 93
1 353 | -0.4442323123451781 -0.5313295334572505 -0.06061855675739349 -0.09421315292165308 | -0.4443510037120323 -0.530961058297944 -0.17619929184774477 -0.14915823565925096 | 23.70766160330976 | 87
1 354 | -0.2520219269014456 -1.4205114858526176 -0.009043641809169794 -0.2345282604330621 | -0.2520198477585468 -1.420514474402028 -0.04797988665460821 -0.28467478982827066 | 0.016663646022863358 | 97
1 355 | 0.0714773808871001 -0.017257836439588375 -0.1610173193831295 0.19011412000353134 | 0.07145306040989602 -0.017311501037095688 -0.1610937978835027 0.18998657871210717 | 2.788687140179075e-07 | 163
1 356 | 0.5933195375402608 -0.14018542154743818 0.521200747992716 0.2084064503187395 | 0.5933458467584632 -0.055885366805634724 0.5617198166206934 0.17126682254556816 | 956.1404517549585 | 89
1 357 | 0.14352867799836042 0.5155360966043229 0.007429085421627247 0.03645801809071082 | 0.16580288597053733 0.5155747003977315 0.13436344578298828 0.41339292063389066 | 0.7075504611845319 | 999
1 358 | -0.05479477152144527 -0.8395412372486187 0.10433740630603337 0.22663985540543774 | -0.05253482889965513 -0.83953752729592 0.1120542114285735 0.25666495434618586 | 0.001579568456340412 | 133
1 359 | -0.3759748713465654 1.0831785060268784 0.7122034422068992 0.3086248054773875 | -0.3757354988922821 1.0830330873234635 0.8289467308274621 0.4938562483981337 | 159.86710067517507 | 85
1 360 | 0.6633351927457496 0.5292465061243016 -0.3597206037373674 -0.12025347284951537 | 0.6632877958546186 0.5293115892412055 -0.41027795822838464 -0.16093604051992158 | 0.9928029938081578 | 73
1 361 | 0.3218577883276553 -1.1894881901736574 0.05617389464829629 -0.26243715189299327 | 0.3222312965886157 -1.1895792028184324 0.41138844052653356 -0.2964776583668151 | 19.526295487202223 | 277
1 362 | -0.11447446668937436 -0.8366099354579366 0.31108432929946855 0.11392263558310953 | -0.1347509252365011 -0.8366202864516615 0.31672221849284155 0.14612529933173346 | 3.503757413525136 | 83
1 363 | -0.6163077957176012 -0.9020938139266493 0.5110592574886851 -0.27048542332085695 | -0.6161812099125378 -0.9019398367532893 0.6732520753766671 -0.27080960056970466 | 13.58440966135738 | 83
1 364 | -0.8501506092751057 0.5579324888767749 -0.2325364130637029 0.07975353268986787 | -0.8501865122456673 0.557903789606157 -0.3806135957048152 0.08489108045925299 | 1.5481776486680134 | 83
1 365 | 0.30374785692486295 0.7502625927173842 -0.08774195957631918 -0.2327517009940405 | 0.3026757364751471 0.7503822110241712 -0.2688419586854887 -0.237920731947983 | 6.807269086703355 | 93
1 366 | 0.5425071496821516 -0.5015371637782123 0.35793812170065026 -0.21405645585227612 | 0.5418848382260494 -0.273234870947612 0.38599683405423796 -0.14851396281272977 | 82402.2521829267 | 75
1 367 | -0.5847488501112114 0.5702906178337941 -0.11980780535411885 0.015105277855958497 | -0.5847453786020582 0.5702902286254783 -0.20546778983817537 0.01655164012918215 | 0.0010548574626018403 | 95
1 368 | 0.46446617669536744 0.34988936929745473 -0.31037746320979276 0.08093833580276996 | 0.46445834639957784 0.3498885106438813 -0.3507049466117771 0.09176903482531627 | 0.03117524987801782 | 87
1 369 | 0.050699674697555014 1.1555547428574608 -0.03301892802804108 -0.41266269417001894 | 0.055809317822703854 1.1555557469595226 -0.06906998065183476 -0.4721243319958648 | 0.3169222430460682 | 999
1 370 | 0.146923792556539 0.46435331535397506 0.1254998008888002 0.3869996191943021 | 0.157201284234547 0.46473124232030083 0.36314083382284085 0.46938150112592475 | 1.1294917660469466 | 365
1 371 | -0.11006847340119265 0.6555668548766771 -0.38521127754776985 -0.513383322771602 | -0.12723558315768158 0.6555659735679708 -0.3887275735884278 -0.6085861867205862 | 2.2839159812831182 | 85
1 372 | 0.43315034843927197 1.2794218845470655 -0.22547335870457016 0.04181414940786918 | 0.433122515592463 1.2793504801743911 -0.48028273522007126 -0.2516176067048951 | 11.126026349611974 | 193
1 373 | 0.14112958237631756 -0.9496232128086405 0.09713786379766622 0.03165586548084697 | 0.1407255529135977 -0.9496228728279197 0.11758688111808711 0.04751081144696062 | 0.013966478584572495 | 127
1 374 | 0.01357567354003966 -0.10679864946329119 0.15832503934757766 0.4396126028312976 | 0.01614535330972163 -0.10679760990249207 0.2512082455339724 0.6306399134202918 | 0.00014624583149026667 | 269
1 375 | -0.6126962963788609 0.012336176960908716 -0.02193580915104591 -0.9089212837124216 | -0.3882897977585481 0.02344191211939881 -0.1567374064326803 -0.9087984779632449 | 211480.47091283122 | 73
1 376 | -0.06538817735083434 2.0018779136531943 0.15770624270771197 0.21708511324829602 | -0.0832713075648982 2.001866571099399 0.23816578169632846 0.3201985361104908 | 0.5591329714668797 | 125
1 377 | -0.1537750397366877 -0.32956543220464996 0.02716799126656021 0.11939466327138386 | -0.18969543875430872 -0.3290616287665676 0.17783831919953952 0.16422826493671508 | 3.85281353783154 | 107
1 378 | -0.772105538399741 1.1193237277458938 0.18671545120250246 -0.8258297040516546 | -0.7724630317604937 1.1193244559498798 0.34414282950827574 -0.8296044273814587 | 155.49729755831382 | 89
1 379 | -0.798423101931179 0.7406310636486972 0.21606112479247977 -0.16033218656206202 | -0.7984401524317699 0.7407627456618519 0.2772377043438796 -0.2739999146455808 | 4.662245300659158 | 91
1 380 | -0.18757112810784307 1.1097525541218372 0.02020386632749027 0.10466230727233165 | -0.1876367963677194 1.1097487439875915 0.15059071311003885 0.11344298860396387 | 0.03985364530721702 | 183
1 381 | 0.6540064118204894 -0.056947014956092494 0.03687571133889994 0.26352821537961835 | 0.6540671219405025 -0.06492428404169423 0.06676940016606697 0.2649258611415004 | 0.31168956101423906 | 105
1 382 | 0.1854258462449259 1.0012110422960177 0.5040687520878939 0.5170368674834699 | 0.18528919318142134 1.0012123935802826 0.6513302306412081 0.5509865858520178 | 0.732325417312936 | 107
1 383 | 0.5954700205335121 1.140671057279575 -0.0238413611642639 -0.08175255936655683 | 0.5110164888625062 0.9884024828150811 -0.033834991445594986 0.11308341752845785 | 552333.3865051499 | 61
1 384 | -0.04960092960433572 0.9119710569494949 -0.28091043382609604 -0.0070641300198629525 | -0.042904461004866085 0.9073519034703224 -0.28065073857630957 0.0623435678879303 | 891.9430273226682 | 77
1 385 | 0.39013562651940137 -0.33798097142307454 -0.11812762276308493 0.44677761971584434 | 0.3903323608924983 -0.3381791069323266 -0.4242495852330673 0.5205776555722179 | 2.974640138109982 | 97
1 386 | 0.8898562482036773 -0.7215430451037723 -0.4221519984236048 0.5122993119397083 | 0.8898605575602446 -0.7215505487046779 -0.6207156482073717 0.7440577116710697 | 0.04892597257181579 | 81
1 387 | 1.682776691233631 0.28964498505758457 -0.0019318157174186194 -0.3034268778852709 | 1.6827852617653838 0.28646750449104613 0.12842096269418796 -0.3251951119101074 | 1.2169578771688332 | 107
1 388 | -0.017946065683884394 -0.5050531817248429 0.14244336674354643 0.029101988218938616 | -0.013310980164539207 -0.5050539260816506 0.14228650487679126 0.03935204610180505 | 0.003591687880695237 | 87
1 389 | -0.22863790884501 -0.35965291317195003 0.588646262115292 -0.25052387884880145 | -0.22872350477393 -0.36048594473149154 0.7676174549877253 -0.445886873330994 | 8.919256313690422 | 97
1 390 | -0.6736216651908572 1.3321247767440945 -0.7074556774538058 -0.28551537317349646 | -0.6732745026076448 1.3319514801250665 -0.7108310926795427 -0.6228861068125654 | 311.58376450541186 | 73
1 391 | -0.9059048487951181 -0.42252537272246343 0.10975470155708024 0.019041583723046904 | -0.9058935117256943 -0.4222773328661595 0.20377950769495276 0.08212371580652475 | 0.9817313883187373 | 95
1 392 | -0.5535447171989643 -0.3829291393358954 0.2324396054231383 0.18679482646272416 | -0.5536140613740285 -0.3831434705784458 0.3249770382927784 0.29462139047982133 | 0.2516814967213787 | 85
1 393 | -0.5711828272194652 -0.8728754951558608 0.18870748424995218 -0.03657745303900816 | -0.5711460822189777 -0.872860212483273 0.21403082177311283 -0.7016710679047288 | 9.150495343666064 | 131
1 394 | -0.2864237794251028 -0.23897107648441338 -0.12181178375069558 -0.019444930031501214 | -0.2859736674660721 -0.23904391289719573 -0.13452542331367887 -0.4823117801449937 | 0.0938002877530206 | 371
1 395 | -0.6687439007786556 1.2028983818269374 0.18682032167135879 0.7164032479689715 | -0.6693943423721249 1.2029168616784156 0.4503643168750942 0.9394200063345992 | 54.031723875299626 | 73
1 396 | -0.9834901849149215 0.6866046972064797 0.11111127845100228 0.08405618267215076 | -0.9834761805275251 0.6866293539018532 0.24068843045598007 0.2946083135880599 | 0.15987319562280444 | 83
1 397 | -0.49476387077109757 0.31014864450418744 -0.16461780679605922 -0.11538688274002001 | -0.494835892885752 0.30999616520718765 -0.2548427074290193 -0.3222222293677475 | 0.07641716849528413 | 121
1 398 | 0.21622929768823657 -1.011300035814939 -0.13405711888945573 0.2995125294947418 | 0.296487827124737 -1.0112542869393852 -0.21895439325171104 0.6278679949037683 | 964.2919241728456 | 77
1 399 | -0.07011679847279317 0.24786315331568987 0.002100084447100829 0.007009706218998785 | -0.010347585148517552 0.2573067024805898 0.021204065654738136 -0.2615969256131436 | 14.951229087097005 | 113
1 400 | 0.3245723140578802 0.48266923528959443 -0.49327860308395877 -0.34445522248861704 | 0.32448562734384373 0.4833185087888085 -0.6664204145450877 -0.3788971457670298 | 1.1974958629347576 | 93
1 401 | -0.3400127325521281 0.5776534208437825 0.03791798053556076 0.04147673291350922 | -0.35594519220899073 0.5655602716257394 -0.060402102217823786 -0.09396041838524703 | 107235.06146050907 | 63
1 402 | 0.5970715101472167 -0.5816606804473271 -0.27494145862055147 -0.1913967953440947 | 0.5972173473944286 -0.5820780584615974 -0.32560348733037964 -0.40432584952423756 | 3.1960443125402165 | 85
1 403 | 0.2883714307355961 -0.4046240699782915 -0.0010603306342807845 0.22090439002774614 | 0.3637276737219892 -0.404773711493685 0.10508528538577981 0.2885347798754017 | 282.54690891221895 | 639
1 404 | 0.7284055336046683 -0.3791145813342899 0.11956705730499485 -0.39871014641894215 | 0.7283151473392611 -0.3789768472802491 0.1826818873916117 -0.40207405497313264 | 0.9944786293767328 | 89
1 405 | -0.09164832561993067 -0.395577465999993 -0.27261392875656587 0.3710741089717942 | -0.09157453362590488 -0.395553063025033 -0.4961897833221226 0.568433369721481 | 0.26489689758344 | 143
1 406 | 0.018494768989316245 -0.28349082376022844 -0.2478291151222751 0.06310417302695764 | 0.018463575801148865 -0.2835057957162878 -0.2478749827032841 0.34245247729231004 | 0.09401328356697698 | 555
1 407 | 1.038272927937186 -0.38487095119526016 0.24331903537409574 -0.6923470377684946 | 1.038519337248309 -0.3853011124220552 0.4180479932629814 -0.7202912346966631 | 236.2402574435742 | 77
1 408 | 0.3918103955713143 0.08149225200270385 0.5589591411775829 0.1483240539822746 | 0.39181066020227073 0.09229089484482189 0.574429293417661 0.13696589315955834 | 0.027801739456819817 | 141
1 409 | -0.5499882057139387 0.4697140008300682 -0.17318002445851294 0.5101368981655601 | -0.5498395599566344 0.46958216581181444 -0.5849882674020984 0.5918736242322379 | 3.678305360217702 | 117
1 410 | -0.7960238344440312 0.2585682201514235 0.18221073664589807 -0.23684150056269143 | -0.7960331793854009 0.25833988503296484 0.30404277233655774 -0.24289194411935988 | 0.834671841022071 | 99
1 411 | -0.683633386399806 -0.7431057214480151 0.24482293735330832 0.24069300411523598 | -0.6836407174213854 -0.7431802844475051 0.47288438322265797 0.2905570362521665 | 1.9176222505729008 | 79
1 412 | -0.40257974941530433 0.6039335366024435 -0.03835435115399586 -0.014106342543022534 | -0.4025864067759822 0.6039216940280819 -0.12661108415512798 -0.11990692174585953 | 0.040250048985943046 | 109
1 413 | -0.11328819974368214 -1.2624414710131073 0.12916997329614185 0.08453157006527658 | -0.19519065622655607 -1.2624644986376135 0.1985106658154455 0.1027871342416096 | 69.32715602393496 | 95
1 414 | 1.8272735613931905 0.6403936309651442 -0.17803991051902646 -0.0793586309953373 | 1.8272870743236156 0.6400754404109362 -0.17874741514991419 -0.298152304791429 | 3.388878477468393 | 81
1 415 | 0.5479820732559817 -0.1427084123728185 0.1188893286764449 -0.4339668740740172 | 0.548285366637189 -0.1414110353543508 0.3654908986376423 -0.4699697004466389 | 1.8309131280241981 | 163
1 416 | -0.24044137432414042 -0.8552592053313811 -0.16339407730836755 -0.22874059856965584 | -0.24099645796386826 -0.8552873863699829 -0.16694517855764487 -0.33987879039391694 | 0.15970651699882057 | 113
