213.000000000000000 1.0                 1.00000
213.038076152304600 1.0                 1.00000
213.076152304609220 1.0                 1.00000
213.114228456913820 1.0                 1.00000
213.152304609218450 1.0                 1.00000
213.190380761523040 1.0                 1.00000
213.228456913827640 1.0                 1.00000
213.266533066132270 1.0                 1.00000
213.304609218436870 1.0                 1.00000
213.342685370741500 1.0                 1.00000
213.380761523046100 1.0                 1.00000
213.418837675350700 1.0                 1.00000
213.456913827655300 1.0                 1.00000
213.494989979959900 1.0                 1.00000
213.533066132264540 1.0                 1.00000
213.571142284569130 1.0                 1.00000
213.609218436873760 1.0                 1.00000
213.647294589178360 1.0                 1.00000
213.685370741482960 1.0                 1.00000
213.723446893787580 1.0                 1.00000
213.761523046092180 1.0                 1.00000
213.799599198396800 1.0                 1.00000
213.837675350701400 1.0                 1.00000
213.875751503006000 1.0                 1.00000
213.913827655310630 1.0                 1.00000
213.951903807615220 1.0                 1.00000
213.989979959919850 1.0                 1.00000
214.028056112224450 1.0                 1.00000
214.066132264529050 1.0                 1.00000
214.104208416833670 1.0                 1.00000
214.142284569138270 1.0                 1.00000
214.180360721442900 1.0                 1.00000
214.218436873747500 1.0                 1.00000
214.256513026052100 1.0                 1.00000
214.294589178356720 1.0                 1.00000
214.332665330661300 1.0                 1.00000
214.370741482965940 1.0                 1.00000
214.408817635270540 1.0                 1.00000
214.446893787575160 1.0                 1.00000
214.484969939879760 1.0                 1.00000
214.523046092184360 1.0                 1.00000
214.561122244488980 1.0                 1.00000
214.599198396793580 1.0                 1.00000
214.637274549098200 1.0                 1.00000
214.675350701402800 1.0                 1.00000
214.713426853707400 1.0                 1.00000
214.751503006012030 1.0                 1.00000
214.789579158316630 1.0                 1.00000
214.827655310621250 1.0                 1.00000
214.865731462925850 1.0                 1.00000
214.903807615230450 1.0                 1.00000
214.941883767535070 1.0                 1.00000
214.979959919839670 1.0                 1.00000
215.018036072144300 1.0                 1.00000
215.056112224448900 1.0                 1.00000
215.094188376753500 1.0                 1.00000
215.132264529058120 1.0                 1.00000
215.170340681362720 1.0                 1.00000
215.208416833667340 1.0                 1.00000
215.246492985971940 1.0                 1.00000
215.284569138276570 1.0                 1.00000
215.322645290581160 1.0                 1.00000
215.360721442885760 1.0                 1.00000
215.398797595190400 1.0                 1.00000
215.436873747494990 1.0                 1.00000
215.474949899799600 1.0                 1.00000
215.513026052104200 1.0                 1.00000
215.551102204408800 1.0                 1.00000
215.589178356713430 1.0                 1.00000
215.627254509018030 1.0                 1.00000
215.665330661322660 1.0                 1.00000
215.703406813627250 1.0                 1.00000
215.741482965931850 1.0                 1.00000
215.779559118236480 1.0                 1.00000
215.817635270541070 1.0                 1.00000
215.855711422845700 1.0                 1.00000
215.893787575150300 1.0                 1.00000
215.931863727454900 1.0                 1.00000
215.969939879759520 1.0                 1.00000
216.008016032064120 1.0                 1.00000
216.046092184368750 1.0                 1.00000
216.084168336673340 1.0                 1.00000
216.122244488977970 1.0                 1.00000
216.160320641282570 1.0                 1.00000
216.198396793587160 1.0                 1.00000
216.236472945891800 1.0                 1.00000
216.274549098196400 1.0                 1.00000
216.312625250501010 1.0                 1.00000
216.350701402805600 1.0                 1.00000
216.388777555110200 1.0                 1.00000
216.426853707414840 1.0                 1.00000
216.464929859719430 1.0                 1.00000
216.503006012024060 1.0                 1.00000
216.541082164328660 1.0                 1.00000
216.579158316633250 1.0                 1.00000
216.617234468937880 1.0                 1.00000
216.655310621242480 1.0                 1.00000
216.693386773547100 1.0                 1.00000
216.731462925851700 1.0                 1.00000
216.769539078156300 1.0                 1.00000
216.807615230460930 1.0                 1.00000
216.845691382765520 1.0                 1.00000
216.883767535070150 1.0                 1.00000
216.921843687374750 1.0                 1.00000
216.959919839679370 1.0                 1.00000
216.997995991983970 1.0                 1.00000
217.036072144288570 1.0                 1.00000
217.074148296593200 1.0                 1.00000
217.112224448897800 1.0                 1.00000
217.150300601202420 1.0                 1.00000
217.188376753507010 1.0                 1.00000
217.226452905811600 1.0                 1.00000
217.264529058116240 1.0                 1.00000
217.302605210420840 1.0                 1.00000
217.340681362725460 1.0                 1.00000
217.378757515030060 1.0                 1.00000
217.416833667334660 1.0                 1.00000
217.454909819639280 1.0                 1.00000
217.492985971943880 1.0                 1.00000
217.531062124248500 1.0                 1.00000
217.569138276553100 1.0                 1.00000
217.607214428857700 1.0                 1.00000
217.645290581162330 1.0                 1.00000
217.683366733466930 1.0                 1.00000
217.721442885771550 1.0                 1.00000
217.759519038076150 1.0                 1.00000
217.797595190380780 1.0                 1.00000
217.835671342685370 1.0                 1.00000
217.873747494989970 1.0                 1.00000
217.911823647294600 1.0                 1.00000
217.949899799599200 1.0                 1.00000
217.987975951903820 1.0                 1.00000
218.026052104208420 1.0                 1.00000
218.064128256513020 1.0                 1.00000
218.102204408817640 1.0                 1.00000
218.140280561122240 1.0                 1.00000
218.178356713426870 1.0                 1.00000
218.216432865731460 1.0                 1.00000
218.254509018036060 1.0                 1.00000
218.292585170340700 1.0                 1.00000
218.330661322645280 1.0                 1.00000
218.368737474949900 1.0                 1.00000
218.406813627254500 1.0                 1.00000
218.444889779559100 1.0                 1.00000
218.482965931863730 1.0                 1.00000
218.521042084168330 1.0                 1.00000
218.559118236472950 1.0                 1.00000
218.597194388777550 1.0                 1.00000
218.635270541082180 1.0                 1.00000
218.673346693386780 1.0                 1.00000
218.711422845691370 1.0                 1.00000
218.749498997996000 1.0                 1.00000
218.787575150300600 1.0                 1.00000
218.825651302605220 1.0                 1.00000
218.863727454909820 1.0                 1.00000
218.901803607214420 1.0                 1.00000
218.939879759519040 1.0                 1.00000
218.977955911823640 1.0                 1.00000
219.016032064128270 1.0                 1.00000
219.054108216432870 1.0                 1.00000
219.092184368737460 1.0                 1.00000
219.130260521042100 1.0                 1.00000
219.168336673346700 1.0                 1.00000
219.206412825651300 1.0                 1.00000
219.244488977955900 1.0                 1.00000
219.282565130260500 1.0                 1.00000
219.320641282565130 1.0                 1.00000
219.358717434869730 1.0                 1.00000
219.396793587174360 1.0                 1.00000
219.434869739478960 1.0                 1.00000
219.472945891783580 1.0                 1.00000
219.511022044088180 1.0                 1.00000
219.549098196392780 1.0                 1.00000
219.587174348697400 1.0                 1.00000
219.625250501002000 1.0                 1.00000
219.663326653306630 1.0                 1.00000
219.701402805611220 1.0                 1.00000
219.739478957915820 1.0                 1.00000
219.777555110220450 1.0                 1.00000
219.815631262525050 1.0                 1.00000
219.853707414829670 1.0                 1.00000
219.891783567134270 1.0                 1.00000
219.929859719438870 1.0                 1.00000
219.967935871743500 1.0                 1.00000
220.006012024048100 1.0                 1.00000
220.044088176352720 1.0                 1.00000
220.082164328657300 1.0                 1.00000
220.120240480961900 1.0                 1.00000
220.158316633266540 1.0                 1.00000
220.196392785571130 1.0                 1.00000
220.234468937875760 1.0                 1.00000
220.272545090180360 1.0                 1.00000
220.310621242484960 1.0                 1.00000
220.348697394789580 1.0                 1.00000
220.386773547094180 1.0                 1.00000
220.424849699398800 1.0                 1.00000
220.462925851703400 1.0                 1.00000
220.501002004008030 1.0                 1.00000
220.539078156312630 1.0                 1.00000
220.577154308617220 1.0                 1.00000
220.615230460921850 1.0                 1.00000
220.653306613226450 1.0                 1.00000
220.691382765531070 1.0                 1.00000
220.729458917835670 1.0                 1.00000
220.767535070140270 1.0                 1.00000
220.805611222444900 1.0                 1.00000
220.843687374749500 1.0                 1.00000
220.881763527054120 1.0                 1.00000
220.919839679358720 1.0                 1.00000
220.957915831663300 1.0                 1.00000
220.995991983967940 1.0                 1.00000
221.034068136272540 1.0                 1.00000
221.072144288577160 1.0                 1.00000
221.110220440881760 1.0                 1.00000
221.148296593186400 1.0                 1.00000
221.186372745490980 1.0                 1.00000
221.224448897795580 1.0                 1.00000
221.262525050100200 1.0                 1.00000
221.300601202404800 1.0                 1.00000
221.338677354709430 1.0                 1.00000
221.376753507014030 1.0                 1.00000
221.414829659318630 1.0                 1.00000
221.452905811623250 1.0                 1.00000
221.490981963927850 1.0                 1.00000
221.529058116232480 1.0                 1.00000
221.567134268537070 1.0                 1.00000
221.605210420841670 1.0                 1.00000
221.643286573146300 1.0                 1.00000
221.681362725450900 1.0                 1.00000
221.719438877755520 1.0                 1.00000
221.757515030060120 1.0                 1.00000
221.795591182364720 1.0                 1.00000
221.833667334669340 1.0                 1.00000
221.871743486973940 1.0                 1.00000
221.909819639278570 1.0                 1.00000
221.947895791583160 1.0                 1.00000
221.985971943887760 1.0                 1.00000
222.024048096192400 1.0                 1.00000
222.062124248496990 1.0                 1.00000
222.100200400801600 1.0                 1.00000
222.138276553106200 1.0                 1.00000
222.176352705410840 1.0                 1.00000
222.214428857715430 1.0                 1.00000
222.252505010020030 1.0                 1.00000
222.290581162324660 1.0                 1.00000
222.328657314629250 1.0                 1.00000
222.366733466933880 1.0                 1.00000
222.404809619238480 1.0                 1.00000
222.442885771543080 1.0                 1.00000
222.480961923847700 1.0                 1.00000
222.519038076152300 1.0                 1.00000
222.557114228456920 1.0                 1.00000
222.595190380761520 1.0                 1.00000
222.633266533066120 1.0                 1.00000
222.671342685370750 1.0                 1.00000
222.709418837675340 1.0                 1.00000
222.747494989979970 1.0                 1.00000
222.785571142284570 1.0                 1.00000
222.823647294589200 1.0                 1.00000
222.861723446893800 1.0                 1.00000
222.899799599198400 1.0                 1.00000
222.937875751503010 1.0                 1.00000
222.975951903807600 1.0                 1.00000
223.014028056112240 1.0                 1.00000
223.052104208416840 1.0                 1.00000
223.090180360721430 1.0                 1.00000
223.128256513026060 1.0                 1.00000
223.166332665330660 1.0                 1.00000
223.204408817635280 1.0                 1.00000
223.242484969939880 1.0                 1.00000
223.280561122244480 1.0                 1.00000
223.318637274549100 1.0                 1.00000
223.356713426853700 1.0                 1.00000
223.394789579158330 1.0                 1.00000
223.432865731462930 1.0                 1.00000
223.470941883767520 1.0                 1.00000
223.509018036072150 1.0                 1.00000
223.547094188376750 1.0                 1.00000
223.585170340681370 1.0                 1.00000
223.623246492985970 1.0                 1.00000
223.661322645290570 1.0                 1.00000
223.699398797595200 1.0                 1.00000
223.737474949899800 1.0                 1.00000
223.775551102204420 1.0                 1.00000
223.813627254509020 1.0                 1.00000
223.851703406813640 1.0                 1.00000
223.889779559118240 1.0                 1.00000
223.927855711422840 1.0                 1.00000
223.965931863727460 1.0                 1.00000
224.004008016032060 1.0                 1.00000
224.042084168336700 1.0                 1.00000
224.080160320641280 1.0                 1.00000
224.118236472945880 1.0                 1.00000
224.156312625250500 1.0                 1.00000
224.194388777555100 1.0                 1.00000
224.232464929859730 1.0                 1.00000
224.270541082164330 1.0                 1.00000
224.308617234468930 1.0                 1.00000
224.346693386773550 1.0                 1.00000
224.384769539078150 1.0                 1.00000
224.422845691382780 1.0                 1.00000
224.460921843687370 1.0                 1.00000
224.498997995992000 1.0                 1.00000
224.537074148296600 1.0                 1.00000
224.575150300601200 1.0                 1.00000
224.613226452905820 1.0                 1.00000
224.651302605210420 1.0                 1.00000
224.689378757515040 1.0                 1.00000
224.727454909819640 1.0                 1.00000
224.765531062124240 1.0                 1.00000
224.803607214428870 1.0                 1.00000
224.841683366733460 1.0                 1.00000
224.879759519038100 1.0                 1.00000
224.917835671342700 1.0                 1.00000
224.955911823647280 1.0                 1.00000
224.993987975951900 1.0                 1.00000
225.032064128256500 1.0                 1.00000
225.070140280561130 1.0                 1.00000
225.108216432865730 1.0                 1.00000
225.146292585170330 1.0                 1.00000
225.184368737474950 1.0                 1.00000
225.222444889779550 1.0                 1.00000
225.260521042084180 1.0                 1.00000
225.298597194388780 1.0                 1.00000
225.336673346693370 1.0                 1.00000
225.374749498998000 1.0                 1.00000
225.412825651302600 1.0                 1.00000
225.450901803607220 1.0                 1.00000
225.488977955911820 1.0                 1.00000
225.527054108216450 1.0                 1.00000
225.565130260521040 1.0                 1.00000
225.603206412825640 1.0                 1.00000
225.641282565130270 1.0                 1.00000
225.679358717434870 1.0                 1.00000
225.717434869739500 1.0                 1.00000
225.755511022044100 1.0                 1.00000
225.793587174348700 1.0                 1.00000
225.831663326653300 1.0                 1.00000
225.869739478957900 1.0                 1.00000
225.907815631262540 1.0                 1.00000
225.945891783567130 1.0                 1.00000
225.983967935871730 1.0                 1.00000
226.022044088176360 1.0                 1.00000
226.060120240480960 1.0                 1.00000
226.098196392785580 1.0                 1.00000
226.136272545090180 1.0                 1.00000
226.174348697394800 1.0                 1.00000
226.212424849699400 1.0                 1.00000
226.250501002004000 1.0                 1.00000
226.288577154308630 1.0                 1.00000
226.326653306613220 1.0                 1.00000
226.364729458917850 1.0                 1.00000
226.402805611222450 1.0                 1.00000
226.440881763527050 1.0                 1.00000
226.478957915831670 1.0                 1.00000
226.517034068136270 1.0                 1.00000
226.555110220440900 1.0                 1.00000
226.593186372745500 1.0                 1.00000
226.631262525050100 1.0                 1.00000
226.669338677354720 1.0                 1.00000
226.707414829659300 1.0                 1.00000
226.745490981963940 1.0                 1.00000
226.783567134268540 1.0                 1.00000
226.821643286573130 1.0                 1.00000
226.859719438877760 1.0                 1.00000
226.897795591182360 1.0                 1.00000
226.935871743486980 1.0                 1.00000
226.973947895791580 1.0                 1.00000
227.012024048096180 1.0                 1.00000
227.050100200400800 1.0                 1.00000
227.088176352705400 1.0                 1.00000
227.126252505010030 1.0                 1.00000
227.164328657314630 1.0                 1.00000
227.202404809619250 1.0                 1.00000
227.240480961923850 1.0                 1.00000
227.278557114228450 1.0                 1.00000
227.316633266533070 1.0                 1.00000
227.354709418837670 1.0                 1.00000
227.392785571142300 1.0                 1.00000
227.430861723446900 1.0                 1.00000
227.468937875751500 1.0                 1.00000
227.507014028056120 1.0                 1.00000
227.545090180360720 1.0                 1.00000
227.583166332665340 1.0                 1.00000
227.621242484969940 1.0                 1.00000
227.659318637274540 1.0                 1.00000
227.697394789579160 1.0                 1.00000
227.735470941883760 1.0                 1.00000
227.773547094188400 1.0                 1.00000
227.811623246492990 1.0                 1.00000
227.849699398797600 1.0                 1.00000
227.887775551102200 1.0                 1.00000
227.925851703406800 1.0                 1.00000
227.963927855711430 1.0                 1.00000
228.002004008016030 1.0                 1.00000
228.040080160320660 1.0                 1.00000
228.078156312625250 1.0                 1.00000
228.116232464929850 1.0                 1.00000
228.154308617234480 1.0                 1.00000
228.192384769539070 1.0                 1.00000
228.230460921843700 1.0                 1.00000
228.268537074148300 1.0                 1.00000
228.306613226452900 1.0                 1.00000
228.344689378757520 1.0                 1.00000
228.382765531062120 1.0                 1.00000
228.420841683366750 1.0                 1.00000
228.458917835671340 1.0                 1.00000
228.496993987975940 1.0                 1.00000
228.535070140280570 1.0                 1.00000
228.573146292585160 1.0                 1.00000
228.611222444889800 1.0                 1.00000
228.649298597194400 1.0                 1.00000
228.687374749498990 1.0                 1.00000
228.725450901803600 1.0                 1.00000
228.763527054108200 1.0                 1.00000
228.801603206412840 1.0                 1.00000
228.839679358717430 1.0                 1.00000
228.877755511022030 1.0                 1.00000
228.915831663326660 1.0                 1.00000
228.953907815631250 1.0                 1.00000
228.991983967935880 1.0                 1.00000
229.030060120240480 1.0                 1.00000
229.068136272545100 1.0                 1.00000
229.106212424849700 1.0                 1.00000
229.144288577154300 1.0                 1.00000
229.182364729458930 1.0                 1.00000
229.220440881763520 1.0                 1.00000
229.258517034068150 1.0                 1.00000
229.296593186372750 1.0                 1.00000
229.334669338677340 1.0                 1.00000
229.372745490981970 1.0                 1.00000
229.410821643286570 1.0                 1.00000
229.448897795591200 1.0                 1.00000
229.486973947895800 1.0                 1.00000
229.525050100200420 1.0                 1.00000
229.563126252505010 1.0                 1.00000
229.601202404809600 1.0                 1.00000
229.639278557114240 1.0                 1.00000
229.677354709418840 1.0                 1.00000
229.715430861723460 1.0                 1.00000
229.753507014028060 1.0                 1.00000
229.791583166332660 1.0                 1.00000
229.829659318637280 1.0                 1.00000
229.867735470941880 1.0                 1.00000
229.905811623246500 1.0                 1.00000
229.943887775551100 1.0                 1.00000
229.981963927855700 1.0                 1.00000
230.020040080160330 1.0                 1.00000
230.058116232464930 1.0                 1.00000
230.096192384769550 1.0                 1.00000
230.134268537074150 1.0                 1.00000
230.172344689378750 1.0                 1.00000
230.210420841683370 1.0                 1.00000
230.248496993987970 1.0                 1.00000
230.286573146292600 1.0                 1.00000
230.324649298597200 1.0                 1.00000
230.362725450901800 1.0                 1.00000
230.400801603206420 1.0                 1.00000
230.438877755511020 1.0                 1.00000
230.476953907815640 1.0                 1.00000
230.515030060120240 1.0                 1.00000
230.553106212424840 1.0                 1.00000
230.591182364729460 1.0                 1.00000
230.629258517034060 1.0                 1.00000
230.667334669338700 1.0                 1.00000
230.705410821643280 1.0                 1.00000
230.743486973947900 1.0                 1.00000
230.781563126252500 1.0                 1.00000
230.819639278557100 1.0                 1.00000
230.857715430861730 1.0                 1.00000
230.895791583166330 1.0                 1.00000
230.933867735470950 1.0                 1.00000
230.971943887775550 1.0                 1.00000
231.010020040080150 1.0                 1.00000
231.048096192384780 1.0                 1.00000
231.086172344689370 1.0                 1.00000
231.124248496994000 1.0                 1.00000
231.162324649298600 1.0                 1.00000
231.200400801603220 1.0                 1.00000
231.238476953907820 1.0                 1.00000
231.276553106212420 1.0                 1.00000
231.314629258517040 1.0                 1.00000
231.352705410821640 1.0                 1.00000
231.390781563126270 1.0                 1.00000
231.428857715430870 1.0                 1.00000
231.466933867735460 1.0                 1.00000
231.505010020040100 1.0                 1.00000
231.543086172344700 1.0                 1.00000
231.581162324649300 1.0                 1.00000
231.619238476953900 1.0                 1.00000
231.657314629258500 1.0                 1.00000
231.695390781563130 1.0                 1.00000
231.733466933867730 1.0                 1.00000
231.771543086172360 1.0                 1.00000
231.809619238476960 1.0                 1.00000
231.847695390781550 1.0                 1.00000
231.885771543086180 1.0                 1.00000
231.923847695390780 1.0                 1.00000
231.961923847695400 1.0                 1.00000
232.000000000000000 1.0                 1.00000
